0.10000000000000001 	 3 	1 	1 
0.13 	 4 	1 	1 
0.16 	 6 	1 	1 
0.19 	 8 	1 	1 
0.22 	 12 	1 	1 
0.25 	 16 	1 	1 
0.28000000000000003 	 21 	1 	2 
0.31000000000000005 	 25 	1 	2 
0.34000000000000008 	 30 	1 	2 
0.37000000000000011 	 34 	1 	2 
0.40000000000000013 	 36 	1 	4 
0.43000000000000016 	 41 	1 	4 
0.46000000000000019 	 45 	1 	4 
0.49000000000000021 	 50 	1 	4 
0.52000000000000024 	 54 	1 	4 
0.55000000000000027 	 59 	1 	4 
0.58000000000000029 	 63 	1 	4 
0.61000000000000032 	 67 	1 	4 
0.64000000000000035 	 70 	1 	6 
0.67000000000000037 	 72 	1 	8 
0.7000000000000004 	 77 	1 	8 
0.73000000000000043 	 81 	1 	8 
0.76000000000000045 	 86 	1 	8 
0.79000000000000048 	 90 	1 	8 
0.82000000000000051 	 95 	1 	8 
0.85000000000000053 	 99 	1 	8 
0.88000000000000056 	 101 	1 	8 
0.91000000000000059 	 50 	1 	8 
0.94000000000000061 	 50 	1 	8 
0.97000000000000064 	 50 	1 	8 
1.0000000000000007 	 50 	1 	8 
1.0300000000000007 	 50 	1 	8 
1.0600000000000007 	 50 	1 	8 
1.0900000000000007 	 50 	1 	8 
1.1200000000000008 	 50 	1 	9 
1.1500000000000008 	 50 	1 	4 
1.1800000000000008 	 50 	1 	4 
1.2100000000000009 	 50 	1 	4 
1.2400000000000009 	 50 	1 	4 
1.2700000000000009 	 50 	1 	4 
1.3000000000000009 	 50 	1 	4 
1.330000000000001 	 50 	1 	4 
1.360000000000001 	 50 	1 	4 
1.390000000000001 	 50 	1 	4 
1.420000000000001 	 50 	1 	4 
1.4500000000000011 	 50 	1 	4 
1.4800000000000011 	 50 	1 	4 
1.5100000000000011 	 50 	1 	4 
1.5400000000000011 	 50 	1 	4 
1.5700000000000012 	 50 	1 	4 
1.6000000000000012 	 50 	1 	4 
1.6300000000000012 	 50 	1 	4 
1.6600000000000013 	 50 	1 	4 
1.6900000000000013 	 50 	1 	4 
1.7200000000000013 	 50 	1 	4 
1.7500000000000013 	 50 	1 	4 
1.7800000000000014 	 50 	1 	4 
1.8100000000000014 	 50 	1 	4 
1.8400000000000014 	 50 	1 	4 
1.8700000000000014 	 50 	1 	4 
1.9000000000000015 	 1 	1 	4 
1.9300000000000015 	 1 	1 	4 
1.9600000000000015 	 2 	1 	4 
1.9900000000000015 	 3 	1 	4 
2.0200000000000014 	 3 	1 	4 
2.0500000000000012 	 4 	1 	4 
2.080000000000001 	 5 	1 	4 
2.1100000000000008 	 6 	1 	4 
2.1400000000000006 	 7 	1 	1 
2.1700000000000004 	 9 	1 	1 
2.2000000000000002 	 10 	1 	1 
2.23 	 12 	1 	2 
2.2599999999999998 	 14 	1 	2 
2.2899999999999996 	 16 	1 	2.5 
2.3199999999999994 	 16 	1 	2.5 
2.3499999999999992 	 16 	1 	2.5 
2.379999999999999 	 16 	1 	2.5 
2.4099999999999988 	 16 	1 	2.9 
2.4399999999999986 	 16 	1 	3.55301 
2.4699999999999984 	 16 	1 	3.55301 
2.4999999999999982 	 16 	1 	3.55301 
2.529999999999998 	 16 	1 	4.09525 
2.5599999999999978 	 16 	1 	4.33944 
2.5899999999999976 	 16 	1 	4.33944 
2.6199999999999974 	 16 	1 	4.33944 
2.6499999999999972 	 16 	1 	4.78871 
2.6799999999999971 	 16 	1 	4.78871 
2.7099999999999969 	 16 	1 	4.78871 
2.7399999999999967 	 16 	1 	4.78871 
2.7699999999999965 	 16 	1 	2 
2.7999999999999963 	 16 	1 	2 
2.8299999999999961 	 16 	1 	2 
2.8599999999999959 	 16 	1 	2 
2.8899999999999957 	 16 	1 	2.5 
2.9199999999999955 	 16 	1 	2.5 
2.9499999999999953 	 16 	1 	2.5 
2.9799999999999951 	 16 	1 	3.24483 
3.0099999999999949 	 16 	1 	3.24483 
3.0399999999999947 	 16 	1 	3.24483 
3.0699999999999945 	 16 	1 	4.09525 
3.0999999999999943 	 16 	1 	4.09525 
3.1299999999999941 	 16 	1 	4.33944 
3.1599999999999939 	 16 	1 	4.99753 
3.1899999999999937 	 16 	1 	4.99753 
3.2199999999999935 	 16 	1 	4.99753 
3.2499999999999933 	 16 	1 	5.75491 
3.2799999999999931 	 16 	1 	5.75491 
3.3099999999999929 	 16 	1 	5.75491 
3.3399999999999928 	 16 	1 	6.5768 
3.3699999999999926 	 16 	1 	6.5768 
3.3999999999999924 	 16 	1 	6.5768 
3.4299999999999922 	 16 	1 	7.16526 
3.459999999999992 	 16 	1 	7.44171 
3.4899999999999918 	 16 	1 	7.44171 
3.5199999999999916 	 16 	1 	7.70809 
3.5499999999999914 	 16 	1 	8.33628 
3.5799999999999912 	 16 	1 	8.33628 
3.609999999999991 	 16 	1 	8.45624 
3.6399999999999908 	 16 	1 	8.91974 
3.6699999999999906 	 16 	1 	9.25194 
3.6999999999999904 	 16 	1 	9.25194 
3.7299999999999902 	 16 	1 	9.46687 
3.75999999999999 	 16 	1 	9.98374 
3.7899999999999898 	 16 	1 	10.1831 
3.8199999999999896 	 16 	1 	10.1831 
3.8499999999999894 	 16 	1 	10.5704 
3.8799999999999892 	 16 	1 	11.0352 
3.909999999999989 	 16 	1 	11.1258 
3.9399999999999888 	 16 	1 	11.1258 
3.9699999999999886 	 16 	1 	11.4811 
3.9999999999999885 	 16 	1 	5 
4.0299999999999887 	 16 	1 	5 
4.059999999999989 	 16 	1 	5 
4.0899999999999892 	 16 	1 	5 
4.1199999999999894 	 16 	1 	5.2 
4.1499999999999897 	 16 	1 	5.39231 
4.1799999999999899 	 16 	1 	6.09935 
4.2099999999999902 	 16 	1 	6.09935 
4.2399999999999904 	 16 	1 	6.42297 
4.2699999999999907 	 16 	1 	7.0246 
4.2999999999999909 	 1 	1 	7.0246 
4.3299999999999912 	 1 	1 	7.44335 
4.3599999999999914 	 1 	1 	7.96694 
4.3899999999999917 	 2 	1 	7.96694 
4.4199999999999919 	 2 	1 	8.21603 
4.4499999999999922 	 2 	1 	8.80756 
4.4799999999999924 	 3 	1 	8.80756 
4.5099999999999927 	 3 	1 	8.9211 
4.5399999999999929 	 3 	1 	9.36133 
4.5699999999999932 	 4 	1 	9.46815 
4.5999999999999934 	 4 	1 	9.46815 
4.6299999999999937 	 4 	1 	9.46815 
4.6599999999999939 	 4 	1 	4 
4.6899999999999942 	 5 	1 	4 
4.7199999999999944 	 5 	1 	4 
4.7499999999999947 	 5 	1 	4 
4.7799999999999949 	 5 	1 	4.25 
4.8099999999999952 	 6 	1 	4.25 
4.8399999999999954 	 6 	1 	4.25 
4.8699999999999957 	 6 	1 	4.25 
4.8999999999999959 	 6 	1 	4.25 
4.9299999999999962 	 7 	1 	2 
4.9599999999999964 	 7 	1 	2 
4.9899999999999967 	 7 	1 	2 
5.0199999999999969 	 7 	1 	2 
5.0499999999999972 	 8 	1 	2 
5.0799999999999974 	 8 	1 	2.5 
5.1099999999999977 	 8 	1 	2.5 
5.1399999999999979 	 8 	1 	2.5 
5.1699999999999982 	 8 	1 	2.5 
5.1999999999999984 	 8.125 	1 	2.5 
5.2299999999999986 	 8.125 	1 	2.5 
5.2599999999999989 	 8.4888 	1 	2.5 
5.2899999999999991 	 8.72279 	1 	3.24483 
5.3199999999999994 	 9.06232 	1 	3.24483 
5.3499999999999996 	 4 	1 	3.24483 
5.3799999999999999 	 4 	1 	3.24483 
5.4100000000000001 	 4.25 	1 	4.09525 
5.4400000000000004 	 4.92064 	1 	4.33944 
5.4700000000000006 	 5.12386 	1 	4.99753 
5.5000000000000009 	 5.68862 	1 	5.39003 
5.5300000000000011 	 6.03493 	1 	5.75491 
5.5600000000000014 	 6.51909 	1 	6.09735 
5.5900000000000016 	 6.67249 	1 	6.5768 
5.6200000000000019 	 7.25303 	1 	6.5768 
5.6500000000000021 	 7.3909 	1 	7.16526 
5.6800000000000024 	 7.65907 	1 	7.44171 
5.7100000000000026 	 8.29104 	1 	7.44171 
5.7400000000000029 	 8.29104 	1 	7.96541 
5.7700000000000031 	 8.64776 	1 	7.96541 
5.8000000000000034 	 9.10138 	1 	7.96541 
5.8300000000000036 	 9.21125 	1 	3 
5.8600000000000039 	 9.42712 	1 	3 
5.8900000000000041 	 9.84449 	1 	3 
5.9200000000000044 	 10.1462 	1 	3.33333 
5.9500000000000046 	 10.5348 	1 	3.33333 
5.9800000000000049 	 11.0012 	1 	3.33333 
6.0100000000000051 	 11.1822 	1 	1 
6.0400000000000054 	 11.6224 	1 	1 
6.0700000000000056 	 11.9629 	1 	1 
6.1000000000000059 	 12.1295 	1 	2 
6.1300000000000061 	 12.5362 	1 	2 
6.1600000000000064 	 12.8523 	1 	2 
6.1900000000000066 	 13.0843 	1 	2.9 
6.2200000000000069 	 13.3874 	1 	2.9 
6.2500000000000071 	 6 	1 	2.9 
6.2800000000000074 	 6 	1 	3.55301 
6.3100000000000076 	 6 	1 	3.55301 
6.3400000000000079 	 6 	1 	3.55301 
6.3700000000000081 	 6.16667 	1 	4.33944 
6.4000000000000083 	 6.93882 	1 	4.33944 
6.4300000000000086 	 7.08293 	1 	4.99753 
6.4600000000000088 	 7.63173 	1 	5.19763 
6.4900000000000091 	 8.0183 	1 	5.39003 
6.5200000000000093 	 8.0183 	1 	6.09735 
6.5500000000000096 	 8.62359 	1 	6.09735 
6.5800000000000098 	 8.96692 	1 	6.26135 
6.6100000000000101 	 8.96692 	1 	7.02286 
6.6400000000000103 	 9.40498 	1 	7.02286 
6.6700000000000106 	 9.82331 	1 	7.16526 
6.7000000000000108 	 9.82331 	1 	7.70809 
6.7300000000000111 	 10.0259 	1 	7.96541 
6.7600000000000113 	 10.515 	1 	7.96541 
6.7900000000000116 	 10.7044 	1 	8.21454 
6.8200000000000118 	 10.7044 	1 	8.80618 
6.8500000000000121 	 11.0733 	1 	8.80618 
6.8800000000000123 	 11.5177 	1 	8.80618 
6.9100000000000126 	 11.6045 	2 	9.14257 
6.9400000000000128 	 11.6045 	2 	9.5725 
6.9700000000000131 	 11.8611 	2 	9.67696 
7.0000000000000133 	 5 	2 	9.67696 
7.0300000000000136 	 5 	2.5 	9.88255 
7.0600000000000138 	 5 	2.9 	10.1831 
7.0900000000000141 	 5 	2.9 	10.5704 
7.1200000000000143 	 5 	2.9 	10.5704 
7.1500000000000146 	 5.2 	3.24483 	10.8517 
7.1800000000000148 	 5.2 	3.55301 	11.1258 
7.2100000000000151 	 5.2 	3.55301 	11.4811 
7.2400000000000153 	 5.75704 	3.55301 	11.5682 
7.2700000000000156 	 5.75704 	4.09525 	11.7404 
7.3000000000000158 	 5.75704 	4.33944 	12.0775 
7.3300000000000161 	 5.75704 	4.33944 	12.4054 
7.3600000000000163 	 2 	4.33944 	12.486 
7.3900000000000166 	 2 	4.99753 	12.5661 
7.4200000000000168 	 2 	5.19763 	12.8033 
7.4500000000000171 	 2 	5.19763 	13.1892 
7.4800000000000173 	 2.5 	5.19763 	13.1892 
7.5100000000000176 	 2.5 	5.75491 	6 
7.5400000000000178 	 2.5 	6.09735 	6 
7.570000000000018 	 2.5 	6.09735 	6 
7.6000000000000183 	 3.24483 	6.09735 	6 
7.6300000000000185 	 3.24483 	6.42106 	6.16667 
7.6600000000000188 	 3.24483 	6.72885 	6.48684 
7.690000000000019 	 3.83446 	6.72885 	6.79157 
7.7200000000000193 	 4.09525 	3 	7.08293 
7.7500000000000195 	 4.09525 	3 	7.22412 
7.7800000000000198 	 4.56988 	3 	7.63173 
7.81000000000002 	 4.99753 	3 	7.89158 
7.8400000000000203 	 4.99753 	3.63333 	8.0183 
7.8700000000000205 	 5.19763 	3.63333 	8.50603 
7.9000000000000208 	 5.75491 	3.63333 	8.62359 
7.930000000000021 	 5.75491 	4.16441 	8.96692 
7.9600000000000213 	 5.75491 	4.40454 	9.29742 
7.9900000000000215 	 6.42106 	4.40454 	9.40498 
8.0200000000000209 	 6.5768 	4.40454 	9.72043 
8.0500000000000203 	 6.5768 	5.25165 	9.82331 
8.0800000000000196 	 6.5768 	5.25165 	4 
8.110000000000019 	 7.16526 	5.25165 	4 
8.1400000000000183 	 7.44171 	5.25165 	4 
8.1700000000000177 	 7.44171 	5.80357 	4 
8.2000000000000171 	 7.44171 	6.14322 	4 
8.2300000000000164 	 7.83782 	6.14322 	4.25 
8.2600000000000158 	 8.33628 	6.306 	4.25 
8.2900000000000151 	 8.33628 	6.91805 	4.25 
8.3200000000000145 	 8.33628 	7.0626 	4.92064 
8.3500000000000139 	 8.80618 	7.0626 	5.12386 
8.3800000000000132 	 4 	7.20419 	5.12386 
8.4100000000000126 	 4 	7.87337 	5.12386 
8.4400000000000119 	 4 	8.00038 	5.68862 
8.4700000000000113 	 4 	8.00038 	6.03493 
8.5000000000000107 	 4.25 	8.00038 	6.03493 
8.53000000000001 	 4.25 	8.48916 	6.03493 
8.5600000000000094 	 4.25 	8.95093 	6.20063 
8.5900000000000087 	 4.25 	8.95093 	6.82236 
8.6200000000000081 	 2 	9.06265 	6.96893 
8.6500000000000075 	 2 	9.49624 	6.96893 
8.6800000000000068 	 2 	9.80873 	7.25303 
8.7100000000000062 	 2 	9.80873 	7.78963 
8.7400000000000055 	 2.5 	10.0116 	7.78963 
8.7700000000000049 	 2.5 	10.4053 	7.78963 
8.8000000000000043 	 2.5 	10.691 	7.91801 
8.8300000000000036 	 2.5 	10.691 	8.53053 
8.860000000000003 	 3.24483 	10.7845 	8.64776 
8.8900000000000023 	 3.24483 	5 	8.64776 
8.9200000000000017 	 3.24483 	5 	8.76339 
8.9500000000000011 	 3.24483 	5 	9.31982 
8.9800000000000004 	 3.83446 	5 	9.53319 
9.0099999999999998 	 4.09525 	5 	9.53319 
9.0399999999999991 	 4.09525 	5.2 	9.63809 
9.0699999999999985 	 4.09525 	5.2 	4 
9.0999999999999979 	 4.78871 	5.2 	4 
9.1299999999999972 	 4.99753 	5.75704 	4 
9.1599999999999966 	 4.99753 	6.09935 	4 
9.1899999999999959 	 5.57555 	6.09935 	4.25 
9.2199999999999953 	 5.75491 	6.57866 	4.25 
9.2499999999999947 	 5.75491 	6.73066 	4.92064 
9.279999999999994 	 6.26135 	6.73066 	5.12386 
9.3099999999999934 	 6.5768 	3 	5.12386 
9.3399999999999928 	 6.5768 	3 	5.50703 
9.3699999999999921 	 6.87746 	3 	6.03493 
9.3999999999999915 	 7.44171 	3 	6.03493 
9.4299999999999908 	 7.44171 	3.63333 	6.36191 
9.4599999999999902 	 7.44171 	3.63333 	6.96893 
9.4899999999999896 	 7.96541 	3.63333 	6.96893 
9.5199999999999889 	 8.21454 	4.40454 	6.96893 
9.5499999999999883 	 8.21454 	4.40454 	7.5262 
9.5799999999999876 	 4 	4.40454 	7.78963 
9.609999999999987 	 4 	4.40454 	7.78963 
9.6399999999999864 	 4 	5.25165 	7.91801 
9.6699999999999857 	 4 	5.25165 	8.41165 
9.6999999999999851 	 4 	5.25165 	8.64776 
9.7299999999999844 	 4.48529 	5.80357 	8.64776 
9.7599999999999838 	 4.48529 	6.14322 	8.8775 
9.7899999999999832 	 4.48529 	6.14322 	4 
9.8199999999999825 	 5.31903 	6.14322 	4 
9.8499999999999819 	 5.31903 	6.91805 	4 
9.8799999999999812 	 5.31903 	7.0626 	4 
9.9099999999999806 	 5.68862 	7.0626 	4.25 
9.93999999999998 	 6.20063 	7.343 	4.25 
9.9699999999999793 	 6.20063 	7.87337 	4.25 
9.9999999999999787 	 6.20063 	8.00038 	5.12386 
10.029999999999978 	 6.82236 	8.00038 	5.12386 
10.059999999999977 	 7.11243 	8.36968 	5.12386 
10.089999999999977 	 7.11243 	8.83778 	5.12386 
10.119999999999976 	 7.11243 	8.95093 	5.68862 
10.149999999999975 	 7.25303 	8.95093 	6.03493 
10.179999999999975 	 3 	9.06265 	6.03493 
10.209999999999974 	 3 	9.60155 	6.03493 
10.239999999999974 	 3 	9.80873 	6.36191 
10.269999999999973 	 3 	9.80873 	6.96893 
10.299999999999972 	 3.33333 	9.91068 	6.96893 
10.329999999999972 	 3.33333 	10.4053 	6.96893 
10.359999999999971 	 3.33333 	10.691 	7.11243 
10.38999999999997 	 3.33333 	10.691 	7.65907 
10.41999999999997 	 4.16441 	10.7845 	7.78963 
10.449999999999969 	 4.16441 	11.1508 	7.78963 
10.479999999999968 	 4.16441 	5 	7.91801 
10.509999999999968 	 4.16441 	5 	8.41165 
10.539999999999967 	 4.84749 	5 	8.64776 
10.569999999999967 	 5.05378 	5 	8.64776 
10.599999999999966 	 5.05378 	5 	8.64776 
10.629999999999965 	 5.05378 	5.2 	8.8775 
10.659999999999965 	 5.05378 	5.2 	9.31982 
10.689999999999964 	 5.80357 	5.2 	9.31982 
10.719999999999963 	 5.97588 	5.75704 	9.31982 
10.749999999999963 	 5.97588 	6.09935 	4 
10.779999999999962 	 5.97588 	6.09935 	4 
10.809999999999961 	 6.46458 	6.09935 	4 
10.839999999999961 	 6.77034 	6.42297 	4 
10.86999999999996 	 6.77034 	3 	4.25 
10.899999999999959 	 7.20419 	3 	4.70824 
10.929999999999959 	 7.61288 	3 	4.70824 
10.959999999999958 	 7.61288 	3.33333 	4.92064 
10.989999999999958 	 7.74424 	3.33333 	5.50703 
11.019999999999957 	 8.36968 	3.33333 	5.50703 
11.049999999999956 	 8.48916 	4.16441 	5.50703 
11.079999999999956 	 8.48916 	4.16441 	6.20063 
11.109999999999955 	 8.95093 	4.16441 	6.36191 
11.139999999999954 	 9.17299 	4.40454 	6.36191 
11.169999999999954 	 9.17299 	5.05378 	6.67249 
11.199999999999953 	 9.17299 	5.05378 	7.25303 
11.229999999999952 	 4 	5.05378 	7.25303 
11.259999999999952 	 4 	5.25165 	7.25303 
11.289999999999951 	 4 	5.97588 	7.25303 
11.319999999999951 	 4 	5.97588 	7.91801 
11.34999999999995 	 4.48529 	5.97588 	7.91801 
11.379999999999949 	 4.70824 	6.61927 	7.91801 
11.409999999999949 	 4.70824 	6.77034 	3 
11.439999999999948 	 5.12386 	6.77034 	3 
11.469999999999947 	 5.50703 	7.0626 	3 
11.499999999999947 	 5.50703 	7.61288 	3 
11.529999999999946 	 6.03493 	7.61288 	3 
11.559999999999945 	 6.36191 	7.87337 	3 
11.589999999999945 	 6.36191 	8.48916 	3 
11.619999999999944 	 6.67249 	8.48916 	3 
11.649999999999944 	 7.25303 	8.60696 	3 
11.679999999999943 	 7.25303 	9.06265 	3 
11.709999999999942 	 7.25303 	9.38974 	3 
11.739999999999942 	 7.78963 	9.38974 	3 
11.769999999999941 	 8.16862 	9.49624 	3 
11.79999999999994 	 8.16862 	10.0116 	3 
11.82999999999994 	 8.16862 	10.3083 	3 
11.859999999999939 	 8.76339 	10.3083 	3 
11.889999999999938 	 9.10138 	10.4053 	3 
11.919999999999938 	 9.10138 	10.8773 	3 
11.949999999999937 	 9.10138 	11.2405 	3 
11.979999999999936 	 9.42712 	11.2405 	3 
12.009999999999936 	 9.94607 	11.2405 	3 
12.039999999999935 	 10.0466 	11.5053 	3 
12.069999999999935 	 10.0466 	11.9335 	3 
12.099999999999934 	 10.1462 	11.9335 	3 
12.129999999999933 	 10.6297 	11.9335 	3 
12.159999999999933 	 11.0012 	11.9335 	3 
12.189999999999932 	 11.0012 	5 	3 
12.219999999999931 	 11.0012 	5 	3 
12.249999999999931 	 11.1822 	5 	3 
12.27999999999993 	 11.6224 	5 	3 
12.309999999999929 	 11.7085 	5.2 	3 
12.339999999999929 	 11.7085 	5.93074 	3 
12.369999999999928 	 5 	5.93074 	3 
12.399999999999928 	 5 	5.93074 	1 
12.429999999999927 	 5 	6.42297 	1 
12.459999999999926 	 5.2 	6.73066 	1 
12.489999999999926 	 5.93074 	6.73066 	2 
12.519999999999925 	 5.93074 	7.30649 	2 
12.549999999999924 	 6.42297 	7.30649 	2 
12.579999999999924 	 6.73066 	7.30649 	2.5 
12.609999999999923 	 6.73066 	3 	2.5 
12.639999999999922 	 7.0246 	3 	2.5 
12.669999999999922 	 7.30649 	3 	3.24483 
12.699999999999921 	 7.5777 	3.33333 	3.55301 
12.72999999999992 	 7.83937 	3.63333 	3.83446 
12.75999999999992 	 8.21603 	3.63333 	4.33944 
12.789999999999919 	 8.45768 	4.16441 	4.33944 
12.819999999999919 	 8.80756 	4.40454 	4.56988 
12.849999999999918 	 8.9211 	4.40454 	4.99753 
12.879999999999917 	 4 	4.63158 	5.19763 
12.909999999999917 	 4 	5.25165 	5.39003 
12.939999999999916 	 4 	5.25165 	5.39003 
12.969999999999915 	 4 	5.25165 	6.09735 
12.999999999999915 	 4.25 	5.80357 	6.09735 
13.029999999999914 	 4.70824 	6.14322 	6.26135 
13.059999999999913 	 4.70824 	6.14322 	6.87746 
13.089999999999913 	 5.12386 	6.306 	7.02286 
13.119999999999912 	 5.12386 	7.0626 	7.02286 
13.149999999999912 	 5.50703 	7.0626 	7.30482 
13.179999999999911 	 5.50703 	7.0626 	7.96541 
13.20999999999991 	 6.03493 	7.20419 	7.96541 
13.23999999999991 	 6.03493 	7.74424 	7.96541 
13.269999999999909 	 6.36191 	7.74424 	8.21454 
13.299999999999908 	 6.36191 	7.74424 	8.80618 
13.329999999999908 	 6.96893 	7.74424 	8.80618 
13.359999999999907 	 6.96893 	3 	8.80618 
13.389999999999906 	 7.11243 	3 	9.03185 
13.419999999999906 	 7.25303 	3 	9.36003 
13.449999999999905 	 7.5262 	3 	9.67696 
13.479999999999905 	 7.65907 	3.63333 	9.67696 
13.509999999999904 	 7.65907 	3.63333 	9.98374 
13.539999999999903 	 3 	3.63333 	10.2813 
13.569999999999903 	 3 	3.63333 	10.5704 
13.599999999999902 	 3 	4.40454 	10.5704 
13.629999999999901 	 3 	4.40454 	10.8517 
13.659999999999901 	 3.33333 	4.40454 	11.1258 
13.6899999999999 	 3.33333 	4.63158 	11.2157 
13.719999999999899 	 3.33333 	5.25165 	5 
13.749999999999899 	 4.16441 	5.25165 	5 
13.779999999999898 	 4.16441 	5.25165 	5 
13.809999999999897 	 4.16441 	5.62582 	5 
13.839999999999897 	 4.16441 	6.14322 	5.2 
13.869999999999896 	 5.05378 	6.14322 	5.39231 
13.899999999999896 	 5.05378 	6.306 	5.93074 
13.929999999999895 	 5.05378 	7.0626 	5.93074 
13.959999999999894 	 5.62582 	7.0626 	6.09935 
13.989999999999894 	 5.97588 	7.0626 	6.42297 
14.019999999999893 	 5.97588 	7.47918 	6.73066 
14.049999999999892 	 5.97588 	7.61288 	6.87924 
14.079999999999892 	 6.61927 	7.61288 	7.0246 
14.109999999999891 	 6.77034 	7.61288 	7.44335 
14.13999999999989 	 6.77034 	3 	7.5777 
14.16999999999989 	 6.77034 	3 	7.83937 
14.199999999999889 	 7.343 	3 	7.96694 
14.229999999999889 	 7.61288 	3 	8.21603 
14.259999999999888 	 7.61288 	3.63333 	8.45768 
14.289999999999887 	 7.87337 	3.90856 	8.57591 
14.319999999999887 	 8.36968 	3.90856 	8.57591 
14.349999999999886 	 8.48916 	3.90856 	4 
14.379999999999885 	 8.48916 	4.63158 	4 
14.409999999999885 	 8.83778 	4.63158 	4 
14.439999999999884 	 9.28201 	4.63158 	4 
14.469999999999883 	 9.38974 	4.84749 	4.25 
14.499999999999883 	 9.38974 	5.44207 	4.70824 
14.529999999999882 	 9.80873 	5.44207 	4.70824 
14.559999999999881 	 10.3083 	5.44207 	4.70824 
14.589999999999881 	 10.3083 	5.97588 	4.92064 
14.61999999999988 	 10.4053 	6.306 	4.92064 
14.64999999999988 	 10.7845 	6.306 	4.92064 
14.679999999999879 	 11.1508 	6.306 	4.92064 
14.709999999999878 	 11.2405 	6.77034 	2 
14.739999999999878 	 11.2405 	7.20419 	2 
14.769999999999877 	 11.5922 	7.20419 	2 
14.799999999999876 	 11.9335 	7.20419 	2 
14.829999999999876 	 12.1005 	7.47918 	2.5 
14.859999999999875 	 12.1005 	8.00038 	2.5 
14.889999999999874 	 6 	8.12537 	2.9 
14.919999999999874 	 6 	8.12537 	2.9 
14.949999999999873 	 6 	8.12537 	2.9 
14.979999999999873 	 6 	8.60696 	3.24483 
15.009999999999872 	 6 	9.06265 	3.24483 
15.039999999999871 	 6.32883 	9.06265 	3.55301 
15.069999999999871 	 6.64099 	9.06265 	4.09525 
15.09999999999987 	 6.64099 	9.49624 	4.09525 
15.129999999999869 	 6.64099 	4 	4.33944 
15.159999999999869 	 7.22412 	4 	4.33944 
15.189999999999868 	 7.49836 	4 	4.99753 
15.219999999999867 	 7.49836 	4 	4.99753 
15.249999999999867 	 7.63173 	4.25 	5.19763 
15.279999999999866 	 8.14301 	4.25 	5.19763 
15.309999999999865 	 8.3868 	4.25 	5.75491 
15.339999999999865 	 8.3868 	5.12386 	5.75491 
15.369999999999864 	 8.62359 	5.12386 	6.09735 
15.399999999999864 	 4 	5.12386 	6.09735 
15.429999999999863 	 4 	5.31903 	6.5768 
15.459999999999862 	 4 	6.03493 	6.72885 
15.489999999999862 	 4 	6.03493 	7.02286 
15.519999999999861 	 4.25 	6.03493 	7.16526 
15.54999999999986 	 4.25 	6.36191 	7.44171 
15.57999999999986 	 4.25 	6.96893 	7.44171 
15.609999999999859 	 4.25 	6.96893 	7.96541 
15.639999999999858 	 2 	6.96893 	8.21454 
15.669999999999858 	 2 	7.5262 	8.33628 
15.699999999999857 	 2 	7.78963 	8.57449 
15.729999999999857 	 2.5 	7.78963 	8.80618 
15.759999999999856 	 2.5 	7.78963 	9.25194 
15.789999999999855 	 2.5 	8.41165 	9.25194 
15.819999999999855 	 2.5 	8.64776 	9.46687 
15.849999999999854 	 3.24483 	8.64776 	9.46687 
15.879999999999853 	 3.24483 	8.76339 	4 
15.909999999999853 	 3.24483 	9.21125 	4 
15.939999999999852 	 3.24483 	9.53319 	4 
15.969999999999851 	 4.09525 	9.53319 	4 
15.999999999999851 	 4.09525 	9.74184 	4.25 
16.029999999999852 	 4.09525 	4 	4.25 
16.059999999999853 	 4.33944 	4 	4.70824 
16.089999999999854 	 4.99753 	4 	5.12386 
16.119999999999855 	 4.99753 	4 	5.12386 
16.149999999999856 	 5.39003 	4.25 	5.50703 
16.179999999999858 	 5.75491 	4.25 	5.86441 
16.209999999999859 	 5.75491 	5.12386 	6.03493 
16.23999999999986 	 6.09735 	5.12386 	6.36191 
16.269999999999861 	 6.5768 	5.12386 	6.51909 
16.299999999999862 	 6.5768 	5.50703 	6.96893 
16.329999999999863 	 6.5768 	5.86441 	7.25303 
16.359999999999864 	 7.30482 	5.86441 	7.25303 
16.389999999999866 	 7.44171 	5.86441 	7.65907 
16.419999999999867 	 7.44171 	2 	7.78963 
16.449999999999868 	 7.57609 	2 	8.16862 
16.479999999999869 	 8.21454 	2 	8.16862 
16.50999999999987 	 8.33628 	2 	8.53053 
16.539999999999871 	 8.33628 	2 	8.76339 
16.569999999999872 	 8.57449 	2 	9.10138 
16.599999999999874 	 9.03185 	2 	9.10138 
16.629999999999875 	 9.25194 	2 	9.42712 
16.659999999999876 	 9.25194 	2 	9.74184 
16.689999999999877 	 9.46687 	2 	10.0466 
16.719999999999878 	 9.88255 	2 	10.0466 
16.749999999999879 	 10.1831 	2 	10.1462 
16.77999999999988 	 10.1831 	2 	10.5348 
16.809999999999881 	 10.1831 	2 	10.8171 
16.839999999999883 	 10.665 	2 	10.8171 
16.869999999999884 	 11.0352 	2 	10.8171 
16.899999999999885 	 11.1258 	2 	5 
16.929999999999886 	 11.1258 	2 	5 
16.959999999999887 	 11.3049 	2 	5 
16.989999999999888 	 11.7404 	2 	5 
17.019999999999889 	 12.0775 	2 	5 
17.049999999999891 	 12.0775 	2 	5.57776 
17.079999999999892 	 6 	2 	5.75704 
17.109999999999893 	 6 	2 	5.75704 
17.139999999999894 	 6 	2 	5.93074 
17.169999999999895 	 6 	2 	6.57866 
17.199999999999896 	 6.32883 	2 	6.57866 
17.229999999999897 	 6.64099 	2 	6.87924 
17.259999999999899 	 6.64099 	2 	7.44335 
17.2899999999999 	 6.93882 	2 	7.44335 
17.319999999999901 	 3 	2 	7.96694 
17.349999999999902 	 3 	2 	8.33774 
17.379999999999903 	 3.33333 	2 	8.33774 
17.409999999999904 	 3.33333 	2 	8.80756 
17.439999999999905 	 3.33333 	1 	9.14389 
17.469999999999906 	 4.16441 	1 	9.36133 
17.499999999999908 	 4.16441 	2 	9.67822 
17.529999999999909 	 4.16441 	2 	10.0851 
17.55999999999991 	 4.84749 	2 	10.1843 
17.589999999999911 	 5.05378 	2 	10.5715 
17.619999999999912 	 5.05378 	3.24483 	10.6661 
17.649999999999913 	 5.05378 	3.24483 	11.0363 
17.679999999999914 	 5.80357 	3.24483 	11.1269 
17.709999999999916 	 5.97588 	3.24483 	11.2168 
17.739999999999917 	 5.97588 	4.09525 	5 
17.769999999999918 	 5.97588 	4.09525 	5 
17.799999999999919 	 6.61927 	4.09525 	5 
17.82999999999992 	 6.77034 	4.09525 	5 
17.859999999999921 	 6.77034 	4.99753 	5 
17.889999999999922 	 7.20419 	4.99753 	5.39231 
17.919999999999924 	 7.61288 	4.99753 	5.57776 
17.949999999999925 	 7.61288 	5.57555 	5.93074 
17.979999999999926 	 7.61288 	5.75491 	6.26331 
18.009999999999927 	 3 	5.75491 	6.26331 
18.039999999999928 	 3 	5.92867 	6.73066 
18.069999999999929 	 3 	6.5768 	6.87924 
18.09999999999993 	 3 	6.5768 	7.16696 
18.129999999999932 	 3.33333 	6.5768 	7.5777 
18.159999999999933 	 3.33333 	7.30482 	7.5777 
18.189999999999934 	 3.33333 	7.44171 	7.96694 
18.219999999999935 	 4.16441 	7.44171 	8.21603 
18.249999999999936 	 4.16441 	7.70809 	8.45768 
18.279999999999937 	 4.16441 	8.33628 	8.45768 
18.309999999999938 	 4.16441 	8.33628 	8.69252 
18.339999999999939 	 5.05378 	8.33628 	8.69252 
18.369999999999941 	 5.05378 	8.57449 	4 
18.399999999999942 	 5.05378 	9.03185 	4 
18.429999999999943 	 5.05378 	9.25194 	4 
18.459999999999944 	 5.62582 	9.25194 	4 
18.489999999999945 	 5.97588 	9.46687 	4.25 
18.519999999999946 	 5.97588 	9.88255 	4.25 
18.549999999999947 	 5.97588 	10.1831 	4.48529 
18.579999999999949 	 6.46458 	10.1831 	4.92064 
18.60999999999995 	 6.77034 	10.2813 	5.12386 
18.639999999999951 	 6.77034 	10.7587 	5.12386 
18.669999999999952 	 6.77034 	10.8517 	5.31903 
18.699999999999953 	 7.20419 	10.8517 	5.68862 
18.729999999999954 	 7.61288 	10.8517 	5.86441 
18.759999999999955 	 7.61288 	5 	6.03493 
18.789999999999957 	 7.61288 	5 	6.03493 
18.819999999999958 	 7.61288 	5 	6.51909 
18.849999999999959 	 8.24844 	5 	6.51909 
18.87999999999996 	 8.48916 	5 	6.82236 
18.909999999999961 	 8.48916 	2 	6.96893 
18.939999999999962 	 8.60696 	2 	7.3909 
18.969999999999963 	 9.17299 	2 	7.3909 
18.999999999999964 	 9.38974 	2 	7.65907 
19.029999999999966 	 9.38974 	2 	7.78963 
19.059999999999967 	 9.38974 	2.5 	8.29104 
19.089999999999968 	 4 	2.5 	8.29104 
19.119999999999969 	 4 	2.5 	8.41165 
19.14999999999997 	 4 	3.24483 	8.64776 
19.179999999999971 	 4 	3.24483 	9.21125 
19.209999999999972 	 4.25 	3.24483 	9.21125 
19.239999999999974 	 4.25 	3.55301 	9.53319 
19.269999999999975 	 4.25 	4.09525 	9.84449 
19.299999999999976 	 4.48529 	4.09525 	10.1462 
19.329999999999977 	 4.48529 	4.09525 	10.439 
19.359999999999978 	 4.48529 	4.99753 	10.439 
19.389999999999979 	 4.48529 	4.99753 	10.9095 
19.41999999999998 	 2 	4.99753 	11.0921 
19.449999999999982 	 2 	4.99753 	11.3604 
19.479999999999983 	 2 	5.75491 	11.4484 
19.509999999999984 	 2 	5.75491 	11.7939 
19.539999999999985 	 2.9 	5.75491 	12.0464 
19.569999999999986 	 2.9 	6.09735 	12.0464 
19.599999999999987 	 2.9 	6.5768 	6 
19.629999999999988 	 2.9 	6.5768 	6 
19.659999999999989 	 3.55301 	6.5768 	6 
19.689999999999991 	 3.55301 	6.87746 	6 
19.719999999999992 	 3.55301 	7.44171 	6 
19.749999999999993 	 3.83446 	7.44171 	6.64099 
19.779999999999994 	 4.33944 	7.44171 	6.93882 
19.809999999999995 	 4.33944 	8.09095 	6.93882 
19.839999999999996 	 4.33944 	8.21454 	7.36254 
19.869999999999997 	 5.19763 	8.21454 	7.49836 
19.899999999999999 	 5.19763 	8.21454 	7.76276 
19.93 	 5.19763 	4 	7.76276 
19.960000000000001 	 5.19763 	4 	8.26582 
19.990000000000002 	 5.75491 	4 	8.3868 
20.020000000000003 	 6.09735 	4 	8.62359 
20.050000000000004 	 6.09735 	4.48529 	8.73956 
20.080000000000005 	 6.09735 	4.48529 	9.29742 
20.110000000000007 	 6.72885 	4.48529 	9.29742 
20.140000000000008 	 7.02286 	4.48529 	9.51131 
20.170000000000009 	 7.02286 	4.70824 	9.72043 
20.20000000000001 	 7.02286 	4.70824 	10.1256 
20.230000000000011 	 7.57609 	4.70824 	10.2244 
20.260000000000012 	 7.96541 	4.70824 	10.3222 
20.290000000000013 	 7.96541 	2 	10.515 
20.320000000000014 	 7.96541 	2 	10.8904 
20.350000000000016 	 8.21454 	2 	11.1636 
20.380000000000017 	 8.69112 	2 	11.1636 
20.410000000000018 	 8.69112 	2.9 	11.342 
20.440000000000019 	 8.69112 	2.9 	11.7762 
20.47000000000002 	 8.69112 	2.9 	12.1123 
20.500000000000021 	 4 	2.9 	12.1123 
20.530000000000022 	 4 	2.9 	12.2769 
20.560000000000024 	 4 	3.55301 	12.5196 
20.590000000000025 	 4 	3.55301 	12.8361 
20.620000000000026 	 4 	3.55301 	13.0684 
20.650000000000027 	 4.25 	3.83446 	13.221 
20.680000000000028 	 4.25 	4.33944 	13.3719 
20.710000000000029 	 4.25 	4.33944 	13.7417 
20.74000000000003 	 4.25 	4.33944 	14.0305 
20.770000000000032 	 2 	4.33944 	14.1727 
20.800000000000033 	 2 	5.19763 	14.1727 
20.830000000000034 	 2 	5.19763 	14.4529 
20.860000000000035 	 2 	5.19763 	14.7956 
20.890000000000036 	 2.5 	5.19763 	14.8631 
20.920000000000037 	 2.5 	5.75491 	7 
20.950000000000038 	 2.5 	6.09735 	7 
20.98000000000004 	 2.5 	6.09735 	7 
21.010000000000041 	 2.5 	6.09735 	7 
21.040000000000042 	 3.24483 	6.09735 	7.14286 
21.070000000000043 	 3.24483 	3 	7.14286 
21.100000000000044 	 3.24483 	3 	7.6873 
21.130000000000045 	 4.09525 	3 	7.9453 
21.160000000000046 	 4.09525 	3.33333 	8.07116 
21.190000000000047 	 4.09525 	3.33333 	8.67272 
21.220000000000049 	 4.99753 	3.33333 	8.67272 
21.25000000000005 	 4.99753 	3.90856 	9.01415 
21.280000000000051 	 4.99753 	4.16441 	9.34296 
21.310000000000052 	 5.57555 	4.16441 	9.45 
21.340000000000053 	 5.75491 	4.16441 	4 
21.370000000000054 	 5.75491 	5.05378 	4 
21.400000000000055 	 5.92867 	5.05378 	4 
21.430000000000057 	 6.5768 	5.05378 	4 
21.460000000000058 	 6.5768 	5.44207 	4.25 
21.490000000000059 	 6.72885 	5.80357 	4.48529 
21.52000000000006 	 7.30482 	5.80357 	4.48529 
21.550000000000061 	 7.44171 	5.80357 	5.12386 
21.580000000000062 	 7.44171 	2 	5.31903 
21.610000000000063 	 8.09095 	2 	5.31903 
21.640000000000065 	 8.33628 	2 	5.68862 
21.670000000000066 	 8.33628 	2.5 	6.03493 
21.700000000000067 	 8.69112 	2.5 	6.20063 
21.730000000000068 	 9.14257 	2.5 	6.20063 
21.760000000000069 	 9.25194 	2.5 	3 
21.79000000000007 	 9.36003 	3.24483 	3 
21.820000000000071 	 9.88255 	3.24483 	3 
21.850000000000072 	 10.1831 	3.24483 	3 
21.880000000000074 	 10.1831 	4.09525 	3.33333 
21.910000000000075 	 10.5704 	4.09525 	3.33333 
21.940000000000076 	 10.8517 	4.09525 	3.33333 
21.970000000000077 	 10.8517 	4.33944 	4.16441 
22.000000000000078 	 5 	4.99753 	4.16441 
22.030000000000079 	 5 	4.99753 	4.16441 
22.06000000000008 	 5 	4.99753 	4.40454 
22.090000000000082 	 5 	5.39003 	5.05378 
22.120000000000083 	 5.39231 	5.75491 	5.05378 
22.150000000000084 	 5.93074 	5.75491 	5.44207 
22.180000000000085 	 5.93074 	5.92867 	5.97588 
22.210000000000086 	 6.09935 	6.26135 	5.97588 
22.240000000000087 	 6.73066 	6.26135 	6.14322 
22.270000000000088 	 6.73066 	6.26135 	6.77034 
22.30000000000009 	 6.73066 	3 	6.77034 
22.330000000000091 	 7.30649 	3 	6.77034 
22.360000000000092 	 7.5777 	3 	7.20419 
22.390000000000093 	 7.5777 	3 	7.61288 
22.420000000000094 	 7.83937 	3.63333 	7.61288 
22.450000000000095 	 8.45768 	3.63333 	7.61288 
22.480000000000096 	 8.45768 	3.63333 	8.12537 
22.510000000000097 	 8.45768 	4.40454 	8.24844 
22.540000000000099 	 8.9211 	4.40454 	8.24844 
22.5700000000001 	 9.36133 	4.40454 	8.24844 
22.600000000000101 	 9.36133 	4.40454 	4 
22.630000000000102 	 9.36133 	5.05378 	4 
22.660000000000103 	 9.67822 	5.25165 	4 
22.690000000000104 	 9.98495 	5.25165 	4 
22.720000000000105 	 9.98495 	5.25165 	4.70824 
22.750000000000107 	 9.98495 	5.97588 	4.70824 
22.780000000000108 	 4 	6.14322 	4.70824 
22.810000000000109 	 4 	6.14322 	4.70824 
22.84000000000011 	 4 	6.306 	5.50703 
22.870000000000111 	 4 	6.91805 	5.50703 
22.900000000000112 	 4.70824 	7.0626 	5.50703 
22.930000000000113 	 4.92064 	7.0626 	6.20063 
22.960000000000115 	 4.92064 	7.47918 	6.36191 
22.990000000000116 	 5.12386 	8.00038 	6.36191 
23.020000000000117 	 5.68862 	8.00038 	6.51909 
23.050000000000118 	 5.68862 	8.00038 	7.25303 
23.080000000000119 	 5.68862 	8.36968 	7.25303 
23.11000000000012 	 5.86441 	4 	7.25303 
23.140000000000121 	 6.51909 	4 	7.3909 
23.170000000000122 	 6.51909 	4 	7.91801 
23.200000000000124 	 6.51909 	4 	8.16862 
23.230000000000125 	 6.67249 	4.25 	8.16862 
23.260000000000126 	 7.3909 	4.25 	8.16862 
23.290000000000127 	 7.3909 	4.25 	8.41165 
23.320000000000128 	 7.3909 	4.70824 	4 
23.350000000000129 	 7.65907 	5.12386 	4 
23.38000000000013 	 8.16862 	5.12386 	4 
23.410000000000132 	 8.29104 	5.12386 	4 
23.440000000000133 	 8.29104 	5.68862 	4.25 
23.470000000000134 	 8.41165 	6.03493 	4.25 
23.500000000000135 	 4 	6.03493 	4.25 
23.530000000000136 	 4 	6.20063 	5.12386 
23.560000000000137 	 4 	6.82236 	5.12386 
23.590000000000138 	 4 	6.96893 	5.12386 
23.62000000000014 	 4.25 	6.96893 	5.86441 
23.650000000000141 	 4.25 	7.3909 	6.03493 
23.680000000000142 	 4.70824 	7.78963 	6.03493 
23.710000000000143 	 5.12386 	7.78963 	6.20063 
23.740000000000144 	 5.12386 	8.0443 	3 
23.770000000000145 	 5.12386 	8.53053 	3 
23.800000000000146 	 5.68862 	8.64776 	3 
23.830000000000148 	 6.03493 	8.64776 	3 
23.860000000000149 	 6.03493 	8.99015 	3.33333 
23.89000000000015 	 6.03493 	9.53319 	3.33333 
23.920000000000151 	 6.67249 	9.53319 	3.33333 
23.950000000000152 	 6.96893 	9.53319 	4.16441 
23.980000000000153 	 6.96893 	9.94607 	4.16441 
24.010000000000154 	 6.96893 	4 	4.16441 
24.040000000000155 	 7.65907 	4 	4.16441 
24.070000000000157 	 7.78963 	4 	4.84749 
24.100000000000158 	 7.78963 	4 	5.05378 
24.130000000000159 	 7.91801 	4.25 	5.05378 
24.16000000000016 	 8.53053 	4.25 	5.05378 
24.190000000000161 	 8.64776 	4.25 	5.62582 
24.220000000000162 	 8.64776 	4.48529 	5.97588 
24.250000000000163 	 9.10138 	4.48529 	5.97588 
24.280000000000165 	 9.53319 	4.48529 	5.97588 
24.310000000000166 	 9.53319 	4.48529 	6.77034 
24.340000000000167 	 9.63809 	2 	6.77034 
24.370000000000168 	 10.1462 	2 	6.77034 
24.400000000000169 	 10.439 	2 	6.91805 
24.43000000000017 	 10.439 	2 	7.61288 
24.460000000000171 	 10.7238 	2.5 	7.61288 
24.490000000000173 	 11.0921 	2.5 	7.61288 
24.520000000000174 	 11.3604 	2.5 	7.87337 
24.550000000000175 	 11.3604 	2.5 	8.36968 
24.580000000000176 	 11.6224 	2.5 	8.48916 
24.610000000000177 	 11.9629 	2.5 	8.48916 
24.640000000000178 	 12.2938 	2.5 	8.60696 
24.670000000000179 	 12.2938 	2.5 	9.06265 
24.70000000000018 	 12.2938 	2.5 	9.38974 
24.730000000000182 	 12.6953 	2.5 	9.38974 
24.760000000000183 	 12.8523 	2.5 	9.38974 
24.790000000000184 	 6 	2.5 	9.7057 
24.820000000000185 	 6 	2.5 	10.1115 
24.850000000000186 	 6 	1 	10.3083 
24.880000000000187 	 6 	1 	10.3083 
24.910000000000188 	 6.16667 	1 	10.4053 
24.94000000000019 	 6.16667 	1 	10.7845 
24.970000000000191 	 6.16667 	1 	11.1508 
25.000000000000192 	 3 	2 	11.2405 
25.030000000000193 	 3 	2 	11.4177 
25.060000000000194 	 3 	2 	11.8491 
25.090000000000195 	 3 	2 	12.1831 
25.120000000000196 	 3.33333 	2.9 	12.1831 
25.150000000000198 	 3.33333 	2.9 	12.5082 
25.180000000000199 	 3.33333 	2.9 	12.825 
25.2100000000002 	 3.33333 	3.24483 	13.1341 
25.240000000000201 	 3.33333 	3.55301 	13.2102 
25.270000000000202 	 3.33333 	3.55301 	13.5845 
25.300000000000203 	 3.33333 	3.55301 	13.8766 
25.330000000000204 	 3.33333 	4.09525 	14.0917 
25.360000000000205 	 1 	4.33944 	14.1626 
25.390000000000207 	 1 	4.33944 	14.443 
25.420000000000208 	 1 	4.33944 	14.7859 
25.450000000000209 	 1 	4.33944 	15.0546 
25.48000000000021 	 2 	4.99753 	15.121 
25.510000000000211 	 2 	4.99753 	15.3838 
25.540000000000212 	 2 	4.99753 	15.7062 
25.570000000000213 	 2 	4.99753 	15.9593 
25.600000000000215 	 2 	2 	16.022 
25.630000000000216 	 2.9 	2 	16.2085 
25.660000000000217 	 2.9 	2 	16.4539 
25.690000000000218 	 2.9 	2 	16.7555 
25.720000000000219 	 2.9 	2 	16.993 
25.75000000000022 	 3.55301 	2.5 	17.0519 
25.780000000000221 	 3.55301 	2.5 	17.2852 
25.810000000000223 	 3.55301 	2.5 	17.5726 
25.840000000000224 	 3.55301 	2.5 	17.7991 
25.870000000000225 	 4.09525 	2.5 	17.9113 
25.900000000000226 	 4.33944 	2.5 	18.1336 
25.930000000000227 	 4.33944 	2.5 	18.3532 
25.960000000000228 	 4.33944 	2.5 	9 
25.990000000000229 	 4.56988 	2.5 	9 
26.020000000000231 	 5.19763 	2.5 	9 
26.050000000000232 	 5.19763 	2.5 	9 
26.080000000000233 	 5.19763 	2.5 	9 
26.110000000000234 	 5.39003 	2.5 	9.11111 
26.140000000000235 	 2 	2.5 	9.22087 
26.170000000000236 	 2 	2.5 	9.75093 
26.200000000000237 	 2 	2.5 	10.0554 
26.230000000000238 	 2.5 	2.5 	10.2533 
26.26000000000024 	 2.5 	2.5 	10.638 
26.290000000000241 	 2.5 	2.5 	11.0092 
26.320000000000242 	 3.24483 	2.5 	11.2795 
26.350000000000243 	 3.24483 	2.5 	11.63 
26.380000000000244 	 3.55301 	2.5 	11.9702 
26.410000000000245 	 4.09525 	2.5 	12.1367 
26.440000000000246 	 4.09525 	2.5 	6 
26.470000000000248 	 4.33944 	2.5 	6 
26.500000000000249 	 4.99753 	2.5 	6 
26.53000000000025 	 4.99753 	2.5 	6.16667 
26.560000000000251 	 5.75491 	2.5 	6.16667 
26.590000000000252 	 5.75491 	2.5 	6.93882 
26.620000000000253 	 6.09735 	2.5 	7.08293 
26.650000000000254 	 6.09735 	2.5 	7.63173 
26.680000000000256 	 3 	2.5 	8.0183 
26.710000000000257 	 3 	2.5 	8.14301 
26.740000000000258 	 3 	1 	8.62359 
26.770000000000259 	 3.33333 	1 	8.96692 
26.80000000000026 	 3.90856 	1 	9.29742 
26.830000000000261 	 3.90856 	2 	9.61645 
26.860000000000262 	 4.63158 	2 	9.82331 
26.890000000000263 	 4.63158 	2 	10.2244 
26.920000000000265 	 4.63158 	2.9 	10.515 
26.950000000000266 	 5.05378 	2.9 	10.7044 
26.980000000000267 	 5.44207 	2.9 	10.8904 
27.010000000000268 	 5.44207 	3.55301 	11.1636 
27.040000000000269 	 5.44207 	3.55301 	11.5177 
27.07000000000027 	 6.14322 	3.55301 	11.6045 
27.100000000000271 	 6.306 	3.55301 	11.8611 
27.130000000000273 	 6.306 	4.09525 	12.1123 
27.160000000000274 	 6.306 	4.33944 	6 
27.190000000000275 	 6.91805 	4.33944 	6 
27.220000000000276 	 7.20419 	4.33944 	6 
27.250000000000277 	 7.20419 	4.33944 	6 
27.280000000000278 	 7.20419 	5.19763 	6 
27.310000000000279 	 7.343 	5.19763 	6.16667 
27.340000000000281 	 8.00038 	5.19763 	6.16667 
27.370000000000282 	 8.12537 	5.19763 	6.64099 
27.400000000000283 	 8.12537 	6.09735 	6.64099 
27.430000000000284 	 8.36968 	6.09735 	6.79157 
27.460000000000285 	 8.83778 	6.09735 	6.79157 
27.490000000000286 	 9.06265 	6.09735 	3 
27.520000000000287 	 9.06265 	6.72885 	3 
27.550000000000288 	 9.17299 	7.02286 	3 
27.58000000000029 	 9.60155 	7.02286 	3 
27.610000000000291 	 10.0116 	7.02286 	3 
27.640000000000292 	 10.0116 	7.44171 	3.33333 
27.670000000000293 	 10.0116 	7.96541 	3.33333 
27.700000000000294 	 10.2104 	7.96541 	3.63333 
27.730000000000295 	 5 	7.96541 	3.63333 
27.760000000000296 	 5 	8.21454 	4.16441 
27.790000000000298 	 5 	8.69112 	4.16441 
27.820000000000299 	 5 	8.80618 	4.40454 
27.8500000000003 	 5.2 	8.80618 	4.84749 
27.880000000000301 	 5.2 	9.14257 	5.05378 
27.910000000000302 	 5.2 	9.67696 	5.05378 
27.940000000000303 	 5.39231 	9.67696 	5.25165 
27.970000000000304 	 2 	9.67696 	5.97588 
28.000000000000306 	 2 	10.0839 	5.97588 
28.030000000000307 	 2 	10.5704 	5.97588 
28.060000000000308 	 2 	10.5704 	6.14322 
28.090000000000309 	 2.5 	10.5704 	6.77034 
28.12000000000031 	 2.5 	10.9438 	6.77034 
28.150000000000311 	 2.5 	11.3049 	6.77034 
28.180000000000312 	 2.9 	11.4811 	7.0626 
28.210000000000313 	 3.24483 	11.4811 	7.343 
28.240000000000315 	 3.24483 	11.9102 	7.343 
28.270000000000316 	 3.24483 	12.2425 	7.343 
28.300000000000317 	 3.24483 	12.4054 	3 
28.330000000000318 	 4.09525 	12.4054 	3 
28.360000000000319 	 4.09525 	12.5661 	3 
28.39000000000032 	 4.09525 	12.959 	3 
28.420000000000321 	 4.09525 	13.265 	3 
28.450000000000323 	 4.78871 	13.3404 	3.33333 
28.480000000000324 	 4.99753 	13.4899 	3.33333 
28.510000000000325 	 4.99753 	13.8566 	3.33333 
28.540000000000326 	 4.99753 	14.143 	3.33333 
28.570000000000327 	 5.19763 	14.2841 	3.33333 
28.600000000000328 	 5.75491 	14.3541 	1 
28.630000000000329 	 5.75491 	14.6307 	1 
28.660000000000331 	 5.75491 	14.9694 	1 
28.690000000000332 	 5.75491 	15.0362 	1 
28.720000000000333 	 6.5768 	15.0362 	1 
28.750000000000334 	 6.5768 	7 	2 
28.780000000000335 	 6.5768 	7 	2 
28.810000000000336 	 6.5768 	7 	2 
28.840000000000337 	 6.87746 	7 	2 
28.870000000000339 	 7.44171 	7 	2.5 
28.90000000000034 	 7.44171 	7.55493 	2.5 
28.930000000000341 	 7.70809 	7.9453 	2.5 
28.960000000000342 	 8.21454 	7.9453 	2.5 
28.990000000000343 	 8.33628 	8.31709 	2.5 
29.020000000000344 	 8.33628 	8.78802 	2.5 
29.050000000000345 	 8.80618 	8.78802 	2.5 
29.080000000000346 	 9.25194 	8.78802 	2.5 
29.110000000000348 	 9.25194 	9.23468 	2.5 
29.140000000000349 	 9.46687 	9.45 	2.5 
29.17000000000035 	 9.88255 	9.45 	2.5 
29.200000000000351 	 10.1831 	9.45 	1 
29.230000000000352 	 10.1831 	4 	1 
29.260000000000353 	 10.2813 	4 	1 
29.290000000000354 	 10.665 	4 	1 
29.320000000000356 	 5 	4 	2 
29.350000000000357 	 5 	4.70824 	2 
29.380000000000358 	 5 	4.70824 	2 
29.410000000000359 	 5.2 	4.70824 	2.9 
29.44000000000036 	 5.2 	5.50703 	2.9 
29.470000000000361 	 5.93074 	5.50703 	2.9 
29.500000000000362 	 6.09935 	5.86441 	3.55301 
29.530000000000364 	 6.26331 	6.36191 	3.55301 
29.560000000000365 	 7.0246 	6.36191 	3.55301 
29.590000000000366 	 7.0246 	6.51909 	4.33944 
29.620000000000367 	 7.16696 	6.96893 	4.33944 
29.650000000000368 	 7.70967 	6.96893 	4.33944 
29.680000000000369 	 7.96694 	6.96893 	4.99753 
29.71000000000037 	 7.96694 	3 	5.19763 
29.740000000000371 	 8.21603 	3 	5.19763 
29.770000000000373 	 8.80756 	3 	5.19763 
29.800000000000374 	 8.80756 	3 	5.92867 
29.830000000000375 	 8.9211 	3.63333 	6.09735 
29.860000000000376 	 9.36133 	3.63333 	6.09735 
29.890000000000377 	 9.67822 	3.63333 	6.42106 
29.920000000000378 	 9.67822 	3.63333 	7.02286 
29.950000000000379 	 9.78154 	4.40454 	7.02286 
29.980000000000381 	 10.2825 	4.40454 	7.02286 
30.010000000000382 	 10.3797 	4.40454 	7.30482 
30.040000000000383 	 10.3797 	4.40454 	7.96541 
30.070000000000384 	 10.3797 	5.25165 	7.96541 
30.100000000000385 	 5 	5.25165 	7.96541 
30.130000000000386 	 5 	5.25165 	7.96541 
30.160000000000387 	 5 	5.25165 	8.45624 
30.190000000000389 	 5 	5.62582 	8.80618 
30.22000000000039 	 5 	6.14322 	8.80618 
30.250000000000391 	 5 	6.14322 	9.03185 
30.280000000000392 	 5 	6.14322 	9.46687 
30.310000000000393 	 5 	6.61927 	9.67696 
30.340000000000394 	 5 	7.0626 	9.67696 
30.370000000000395 	 5 	7.0626 	9.88255 
30.400000000000396 	 5 	7.0626 	10.2813 
30.430000000000398 	 5 	7.20419 	10.5704 
30.460000000000399 	 5 	7.87337 	10.5704 
30.4900000000004 	 5 	8.00038 	10.5704 
30.520000000000401 	 5 	8.00038 	10.9438 
30.550000000000402 	 5 	8.00038 	5 
30.580000000000403 	 5 	8.48916 	5 
30.610000000000404 	 5 	8.95093 	5 
30.640000000000406 	 5 	8.95093 	5 
30.670000000000407 	 5 	8.95093 	5 
30.700000000000408 	 5 	9.17299 	5.2 
30.730000000000409 	 5 	9.7057 	5.2 
30.76000000000041 	 5 	9.80873 	5.2 
30.790000000000411 	 5 	9.80873 	6.09935 
30.820000000000412 	 5 	10.2104 	6.09935 
30.850000000000414 	 5 	10.5966 	6.09935 
30.880000000000415 	 5 	10.691 	6.26331 
30.910000000000416 	 5 	10.691 	6.87924 
30.940000000000417 	 5 	11.0604 	7.0246 
30.970000000000418 	 5 	11.2405 	7.0246 
31.000000000000419 	 5 	5 	7.16696 
31.03000000000042 	 5 	5 	7.70967 
31.060000000000421 	 5 	5 	7.96694 
31.090000000000423 	 1 	5 	7.96694 
31.120000000000424 	 1 	5.2 	7.96694 
31.150000000000425 	 1 	5.2 	8.33774 
31.180000000000426 	 2 	5.2 	8.57591 
31.210000000000427 	 2 	6.09935 	8.57591 
31.240000000000428 	 2 	6.09935 	8.57591 
31.270000000000429 	 2 	6.09935 	4 
31.300000000000431 	 2.5 	6.26331 	4 
31.330000000000432 	 2.5 	6.87924 	4 
31.360000000000433 	 2.5 	7.0246 	4.25 
31.390000000000434 	 3.24483 	7.0246 	4.70824 
31.420000000000435 	 3.55301 	7.5777 	4.70824 
31.450000000000436 	 3.83446 	7.96694 	4.70824 
31.480000000000437 	 4.09525 	7.96694 	5.50703 
31.510000000000439 	 4.33944 	8.33774 	5.50703 
31.54000000000044 	 4.33944 	8.80756 	5.50703 
31.570000000000441 	 4.78871 	8.80756 	6.03493 
31.600000000000442 	 4.78871 	8.9211 	6.36191 
31.630000000000443 	 4.78871 	9.46815 	6.36191 
31.660000000000444 	 2 	9.67822 	6.36191 
31.690000000000445 	 2 	9.67822 	7.11243 
31.720000000000447 	 2 	9.88378 	7.25303 
31.750000000000448 	 2 	10.2825 	7.25303 
31.780000000000449 	 2.5 	10.5715 	7.25303 
31.81000000000045 	 2.5 	10.5715 	7.78963 
31.840000000000451 	 2.5 	10.5715 	8.16862 
31.870000000000452 	 2.5 	5 	8.16862 
31.900000000000453 	 3.24483 	5 	8.16862 
31.930000000000454 	 3.24483 	5 	8.64776 
31.960000000000456 	 3.24483 	5 	9.10138 
31.990000000000457 	 3.24483 	5.57776 	9.10138 
32.020000000000458 	 3.83446 	5.57776 	9.31982 
32.050000000000459 	 3.83446 	5.57776 	9.84449 
32.08000000000046 	 3.83446 	5.93074 	10.0466 
32.110000000000461 	 3.83446 	6.42297 	10.0466 
32.140000000000462 	 3.83446 	6.42297 	10.439 
32.170000000000464 	 3.83446 	6.42297 	10.9095 
32.200000000000465 	 3.83446 	6.87924 	11.0012 
32.230000000000466 	 1 	7.0246 	11.0012 
32.260000000000467 	 1 	7.0246 	11.4484 
32.290000000000468 	 1 	7.0246 	11.7939 
32.320000000000469 	 1 	3 	11.9629 
32.35000000000047 	 2 	3 	11.9629 
32.380000000000472 	 2 	3 	12.3751 
32.410000000000473 	 2 	3 	12.6953 
32.440000000000474 	 2 	3.33333 	12.8523 
32.470000000000475 	 2.9 	3.63333 	13.0075 
32.500000000000476 	 2.9 	3.63333 	13.2367 
32.530000000000477 	 2.9 	3.63333 	6 
32.560000000000478 	 3.24483 	4.40454 	6 
32.590000000000479 	 3.55301 	4.40454 	6 
32.620000000000481 	 3.55301 	4.40454 	6 
32.650000000000482 	 3.55301 	5.25165 	6.16667 
32.680000000000483 	 4.33944 	5.25165 	6.32883 
32.710000000000484 	 4.33944 	5.25165 	6.79157 
32.740000000000485 	 4.33944 	6.14322 	6.79157 
32.770000000000486 	 5.19763 	6.14322 	6.79157 
32.800000000000487 	 5.19763 	6.14322 	3 
32.830000000000489 	 5.19763 	6.77034 	3 
32.86000000000049 	 5.75491 	7.0626 	3 
32.890000000000491 	 6.09735 	7.0626 	3.33333 
32.920000000000492 	 6.09735 	7.47918 	3.63333 
32.950000000000493 	 6.26135 	8.00038 	3.63333 
32.980000000000494 	 6.87746 	8.00038 	3.63333 
33.010000000000495 	 7.02286 	8.12537 	4.40454 
33.040000000000497 	 7.02286 	8.60696 	4.40454 
33.070000000000498 	 7.30482 	8.95093 	4.40454 
33.100000000000499 	 3 	8.95093 	4.40454 
33.1300000000005 	 3 	8.95093 	5.25165 
33.160000000000501 	 3 	9.49624 	5.25165 
33.190000000000502 	 3 	9.80873 	5.25165 
33.220000000000503 	 3.33333 	9.80873 	5.25165 
33.250000000000504 	 3.33333 	9.80873 	5.97588 
33.280000000000506 	 3.33333 	10.1115 	6.14322 
33.310000000000507 	 3.33333 	5 	6.14322 
33.340000000000508 	 4.16441 	5 	6.306 
33.370000000000509 	 4.16441 	5 	7.0626 
33.40000000000051 	 4.16441 	5 	7.0626 
33.430000000000511 	 4.63158 	5.2 	7.0626 
33.460000000000512 	 5.05378 	5.2 	7.343 
33.490000000000514 	 5.05378 	5.39231 	7.74424 
33.520000000000515 	 5.05378 	6.09935 	7.74424 
33.550000000000516 	 5.97588 	6.09935 	7.74424 
33.580000000000517 	 5.97588 	6.09935 	3 
33.610000000000518 	 5.97588 	6.42297 	3 
33.640000000000519 	 6.14322 	7.0246 	3 
33.67000000000052 	 6.77034 	7.0246 	3 
33.700000000000522 	 6.77034 	7.30649 	3.63333 
33.730000000000523 	 6.77034 	3 	3.63333 
33.760000000000524 	 7.47918 	3 	3.63333 
33.790000000000525 	 7.61288 	3 	4.40454 
33.820000000000526 	 7.61288 	3 	4.40454 
33.850000000000527 	 8.00038 	3.33333 	4.40454 
33.880000000000528 	 8.48916 	3.33333 	4.40454 
33.910000000000529 	 8.48916 	3.63333 	5.25165 
33.940000000000531 	 8.72314 	4.16441 	5.25165 
33.970000000000532 	 9.28201 	4.16441 	5.25165 
34.000000000000533 	 9.38974 	4.16441 	5.62582 
34.030000000000534 	 9.38974 	4.84749 	5.62582 
34.060000000000535 	 9.80873 	5.05378 	5.62582 
34.090000000000536 	 10.2104 	5.05378 	5.62582 
34.120000000000537 	 10.3083 	5.05378 	2 
34.150000000000539 	 10.3083 	5.80357 	2 
34.18000000000054 	 10.691 	5.97588 	2 
34.210000000000541 	 11.0604 	5.97588 	2 
34.240000000000542 	 11.2405 	6.14322 	2.9 
34.270000000000543 	 11.3294 	6.46458 	2.9 
34.300000000000544 	 11.6785 	6.46458 	2.9 
34.330000000000545 	 12.1005 	6.46458 	2.9 
34.360000000000547 	 12.1831 	6.46458 	3.55301 
34.390000000000548 	 12.2652 	3 	3.55301 
34.420000000000549 	 12.5882 	3 	3.55301 
34.45000000000055 	 12.9805 	3 	3.55301 
34.480000000000551 	 13.1341 	3 	4.09525 
34.510000000000552 	 13.1341 	3.63333 	4.33944 
34.540000000000553 	 13.5105 	3.63333 	4.33944 
34.570000000000555 	 13.8041 	3.63333 	4.33944 
34.600000000000556 	 13.9486 	3.63333 	4.78871 
34.630000000000557 	 13.9486 	4.16441 	5.19763 
34.660000000000558 	 6 	4.40454 	5.19763 
34.690000000000559 	 6 	4.40454 	5.19763 
34.72000000000056 	 6 	4.40454 	5.19763 
34.750000000000561 	 6 	4.40454 	6.09735 
34.780000000000562 	 6 	5.25165 	6.09735 
34.810000000000564 	 6.64099 	5.25165 	6.09735 
34.840000000000565 	 6.79157 	5.25165 	6.5768 
34.870000000000566 	 6.79157 	5.44207 	7.02286 
34.900000000000567 	 7.08293 	2 	7.02286 
34.930000000000568 	 7.63173 	2 	7.16526 
34.960000000000569 	 7.63173 	2 	7.70809 
34.99000000000057 	 7.63173 	2 	7.96541 
35.020000000000572 	 8.0183 	2.5 	7.96541 
35.050000000000573 	 8.50603 	2.5 	7.96541 
35.080000000000574 	 8.50603 	2.5 	8.57449 
35.110000000000575 	 8.50603 	3.24483 	8.80618 
35.140000000000576 	 4 	3.24483 	8.80618 
35.170000000000577 	 4 	3.24483 	9.03185 
35.200000000000578 	 4 	3.24483 	9.46687 
35.23000000000058 	 4 	4.09525 	9.67696 
35.260000000000581 	 4 	4.09525 	9.67696 
35.290000000000582 	 4.25 	4.09525 	10.0839 
35.320000000000583 	 4.25 	4.09525 	10.4749 
35.350000000000584 	 4.25 	4.99753 	10.5704 
35.380000000000585 	 5.12386 	4.99753 	10.5704 
35.410000000000586 	 5.12386 	4.99753 	5 
35.440000000000587 	 5.12386 	4.99753 	5 
35.470000000000589 	 5.12386 	5.75491 	5 
35.50000000000059 	 6.03493 	5.75491 	5 
35.530000000000591 	 6.03493 	5.75491 	5.2 
35.560000000000592 	 6.03493 	6.42106 	5.39231 
35.590000000000593 	 6.51909 	6.5768 	5.39231 
35.620000000000594 	 6.96893 	6.5768 	5.57776 
35.650000000000595 	 6.96893 	6.72885 	6.26331 
35.680000000000597 	 6.96893 	7.30482 	6.26331 
35.710000000000598 	 3 	7.44171 	6.26331 
35.740000000000599 	 3 	7.44171 	6.73066 
35.7700000000006 	 3 	7.70809 	7.16696 
35.800000000000601 	 3 	8.21454 	7.16696 
35.830000000000602 	 3.33333 	8.33628 	7.30649 
35.860000000000603 	 3.33333 	8.33628 	7.83937 
35.890000000000605 	 3.33333 	8.57449 	8.09245 
35.920000000000606 	 3.33333 	9.14257 	8.09245 
35.950000000000607 	 4.16441 	9.14257 	8.21603 
35.980000000000608 	 4.16441 	9.14257 	8.80756 
36.010000000000609 	 4.16441 	9.14257 	9.03319 
36.04000000000061 	 4.16441 	4 	9.03319 
36.070000000000611 	 4.84749 	4 	9.03319 
36.100000000000612 	 5.05378 	4 	9.36133 
36.130000000000614 	 5.05378 	4 	9.88378 
36.160000000000615 	 5.05378 	4 	9.98495 
36.190000000000616 	 5.97588 	4 	9.98495 
36.220000000000617 	 5.97588 	4 	10.3797 
36.250000000000618 	 5.97588 	4 	10.8528 
36.280000000000619 	 6.14322 	4 	10.8528 
36.31000000000062 	 6.77034 	4 	10.8528 
36.340000000000622 	 6.77034 	4 	11.3059 
36.370000000000623 	 6.77034 	4 	11.6557 
36.400000000000624 	 6.91805 	4 	11.7415 
36.430000000000625 	 7.20419 	4 	11.7415 
36.460000000000626 	 7.20419 	4 	12.1613 
36.490000000000627 	 7.20419 	4 	12.4869 
36.520000000000628 	 7.20419 	4 	12.6466 
36.55000000000063 	 3 	4 	12.6466 
36.580000000000631 	 3 	4 	12.8043 
36.610000000000632 	 3 	4 	13.1138 
36.640000000000633 	 3 	4 	6 
36.670000000000634 	 3.63333 	4 	6 
36.700000000000635 	 3.90856 	4 	6 
36.730000000000636 	 3.90856 	4 	6 
36.760000000000637 	 3.90856 	4 	6.16667 
36.790000000000639 	 4.63158 	4 	6.16667 
36.82000000000064 	 4.63158 	4 	6.93882 
36.850000000000641 	 4.63158 	4 	7.08293 
36.880000000000642 	 2 	4 	7.36254 
36.910000000000643 	 2 	4 	7.89158 
36.940000000000644 	 2 	4 	8.0183 
36.970000000000645 	 2.5 	4 	8.26582 
37.000000000000647 	 2.5 	4 	8.73956 
37.030000000000648 	 2.5 	1 	8.96692 
37.060000000000649 	 2.9 	1 	9.29742 
37.09000000000065 	 2.9 	1 	9.82331 
37.120000000000651 	 2.9 	2 	9.82331 
37.150000000000652 	 2.9 	2 	10.2244 
37.180000000000653 	 2.9 	2 	10.6101 
37.210000000000655 	 2.9 	3.24483 	10.7044 
37.240000000000656 	 2.9 	3.83446 	10.8904 
37.270000000000657 	 2.9 	3.83446 	11.2532 
37.300000000000658 	 2.9 	4.09525 	11.6045 
37.330000000000659 	 1 	4.56988 	11.6907 
37.36000000000066 	 1 	4.56988 	12.0292 
37.390000000000661 	 1 	4.56988 	6 
37.420000000000663 	 2 	5.39003 	6 
37.450000000000664 	 2 	5.39003 	6 
37.480000000000665 	 2 	5.39003 	6 
37.510000000000666 	 2 	6.09735 	6.16667 
37.540000000000667 	 2.9 	6.26135 	6.32883 
37.570000000000668 	 2.9 	6.26135 	7.08293 
37.600000000000669 	 2.9 	6.87746 	7.08293 
37.63000000000067 	 3.55301 	7.16526 	7.22412 
37.660000000000672 	 3.55301 	7.16526 	7.76276 
37.690000000000673 	 3.55301 	7.16526 	8.0183 
37.720000000000674 	 3.83446 	3 	8.0183 
37.750000000000675 	 4.33944 	3 	8.26582 
37.780000000000676 	 4.33944 	3 	8.85398 
37.810000000000677 	 4.33944 	3.33333 	8.96692 
37.840000000000678 	 5.19763 	3.33333 	9.07844 
37.87000000000068 	 5.19763 	3.33333 	9.51131 
37.900000000000681 	 5.19763 	3.63333 	9.82331 
37.930000000000682 	 5.75491 	4.16441 	9.82331 
37.960000000000683 	 6.09735 	4.16441 	10.0259 
37.990000000000684 	 6.09735 	4.16441 	10.515 
38.020000000000685 	 6.09735 	4.63158 	10.7044 
38.050000000000686 	 6.42106 	5.05378 	10.7044 
38.080000000000688 	 3 	5.05378 	10.8904 
38.110000000000689 	 3 	5.05378 	11.342 
38.14000000000069 	 3 	5.25165 	11.6045 
38.170000000000691 	 3 	5.97588 	11.6045 
38.200000000000692 	 3.33333 	5.97588 	11.6045 
38.230000000000693 	 3.33333 	5.97588 	11.9455 
38.260000000000694 	 3.33333 	5.97588 	12.3583 
38.290000000000695 	 3.33333 	6.46458 	12.3583 
38.320000000000697 	 4.16441 	6.77034 	12.3583 
38.350000000000698 	 4.16441 	6.77034 	6 
38.380000000000699 	 4.16441 	6.77034 	6 
38.4100000000007 	 4.16441 	7.0626 	6 
38.440000000000701 	 4.16441 	7.61288 	6 
38.470000000000702 	 5.05378 	7.61288 	6 
38.500000000000703 	 5.05378 	7.61288 	3 
38.530000000000705 	 5.05378 	8.24844 	3 
38.560000000000706 	 5.44207 	8.48916 	3 
38.590000000000707 	 5.97588 	8.48916 	3 
38.620000000000708 	 5.97588 	8.60696 	3.33333 
38.650000000000709 	 5.97588 	9.06265 	3.33333 
38.68000000000071 	 6.306 	9.38974 	3.33333 
38.710000000000711 	 6.77034 	9.38974 	3.63333 
38.740000000000713 	 6.77034 	9.7057 	4.16441 
38.770000000000714 	 6.77034 	10.1115 	4.16441 
38.800000000000715 	 7.20419 	10.3083 	4.16441 
38.830000000000716 	 7.343 	10.3083 	4.63158 
38.860000000000717 	 7.343 	10.5014 	5.05378 
38.890000000000718 	 7.343 	10.9692 	5.05378 
38.920000000000719 	 7.343 	11.2405 	5.05378 
38.95000000000072 	 3 	11.2405 	5.05378 
38.980000000000722 	 3 	11.2405 	5.80357 
39.010000000000723 	 3 	11.5922 	5.97588 
39.040000000000724 	 3 	11.9335 	5.97588 
39.070000000000725 	 3 	12.1831 	5.97588 
39.100000000000726 	 3.63333 	12.1831 	2 
39.130000000000727 	 3.63333 	12.4277 	2 
39.160000000000728 	 3.63333 	12.825 	2 
39.19000000000073 	 3.63333 	13.1341 	2 
39.220000000000731 	 4.40454 	13.1341 	2 
39.250000000000732 	 4.40454 	13.3612 	2.5 
39.280000000000733 	 4.40454 	13.6581 	2.5 
39.310000000000734 	 4.40454 	6 	2.5 
39.340000000000735 	 5.25165 	6 	2.5 
39.370000000000736 	 5.25165 	6 	3.24483 
39.400000000000738 	 5.25165 	6 	3.24483 
39.430000000000739 	 5.62582 	6.16667 	3.24483 
39.46000000000074 	 6.14322 	6.16667 	3.55301 
39.490000000000741 	 6.14322 	6.48684 	4.09525 
39.520000000000742 	 6.46458 	3 	4.09525 
39.550000000000743 	 7.0626 	3 	4.09525 
39.580000000000744 	 7.0626 	3 	4.99753 
39.610000000000746 	 7.0626 	3.33333 	4.99753 
39.640000000000747 	 7.74424 	3.33333 	4.99753 
39.670000000000748 	 8.00038 	3.33333 	5.39003 
39.700000000000749 	 8.00038 	4.16441 	5.75491 
39.73000000000075 	 8.48916 	4.16441 	5.75491 
39.760000000000751 	 8.95093 	4.16441 	5.75491 
39.790000000000752 	 8.95093 	4.40454 	6.09735 
39.820000000000753 	 9.06265 	5.05378 	6.09735 
39.850000000000755 	 9.60155 	5.05378 	6.09735 
39.880000000000756 	 9.80873 	5.05378 	3 
39.910000000000757 	 9.80873 	5.44207 	3 
39.940000000000758 	 9.91068 	5.97588 	3 
39.970000000000759 	 10.3083 	5.97588 	3 
40.00000000000076 	 10.5966 	5.97588 	3.63333 
40.030000000000761 	 10.5966 	6.46458 	3.90856 
40.060000000000763 	 5 	6.77034 	3.90856 
40.090000000000764 	 5 	6.77034 	3.90856 
40.120000000000765 	 5 	6.77034 	4.63158 
40.150000000000766 	 5 	7.343 	4.63158 
40.180000000000767 	 5.2 	7.47918 	4.63158 
40.210000000000768 	 5.57776 	7.47918 	5.25165 
40.240000000000769 	 5.57776 	3 	5.44207 
40.270000000000771 	 5.93074 	3 	5.44207 
40.300000000000772 	 6.42297 	3 	5.62582 
40.330000000000773 	 6.42297 	3 	6.306 
40.360000000000774 	 6.73066 	3.33333 	6.306 
40.390000000000775 	 7.30649 	3.33333 	6.46458 
40.420000000000776 	 7.30649 	3.33333 	3 
40.450000000000777 	 7.44335 	4.16441 	3 
40.480000000000778 	 8.09245 	4.16441 	3 
40.51000000000078 	 8.21603 	4.16441 	3 
40.540000000000781 	 8.21603 	5.05378 	3.33333 
40.570000000000782 	 8.69252 	5.05378 	3.33333 
40.600000000000783 	 9.14389 	5.05378 	3.63333 
40.630000000000784 	 9.14389 	5.62582 	3.63333 
40.660000000000785 	 9.36133 	5.97588 	3.63333 
40.690000000000786 	 9.88378 	5.97588 	3.63333 
40.720000000000788 	 10.0851 	5.97588 	1 
40.750000000000789 	 10.0851 	6.77034 	1 
40.78000000000079 	 10.476 	6.77034 	1 
40.810000000000791 	 10.9449 	6.77034 	1 
40.840000000000792 	 11.0363 	6.91805 	2 
40.870000000000793 	 11.0363 	3 	2 
40.900000000000794 	 11.4821 	3 	2 
40.930000000000796 	 11.8266 	3 	2 
40.960000000000797 	 11.9951 	3 	2.9 
40.990000000000798 	 12.0785 	3.33333 	2.9 
41.020000000000799 	 12.4869 	3.33333 	2.9 
41.0500000000008 	 12.8043 	3.33333 	2.9 
41.080000000000801 	 12.8824 	3.90856 	3.55301 
41.110000000000802 	 13.1138 	4.16441 	3.55301 
41.140000000000803 	 13.4163 	4.16441 	3.55301 
41.170000000000805 	 13.6386 	4.16441 	3.83446 
41.200000000000806 	 13.6386 	4.63158 	4.33944 
41.230000000000807 	 6 	5.05378 	4.33944 
41.260000000000808 	 6 	5.05378 	4.33944 
41.290000000000809 	 6 	5.05378 	4.33944 
41.32000000000081 	 6 	5.05378 	5.19763 
41.350000000000811 	 6 	5.80357 	5.19763 
41.380000000000813 	 3 	5.97588 	5.19763 
41.410000000000814 	 3 	5.97588 	5.75491 
41.440000000000815 	 3 	6.46458 	6.09735 
41.470000000000816 	 3 	6.77034 	6.09735 
41.500000000000817 	 3.33333 	6.77034 	6.5768 
41.530000000000818 	 3.33333 	6.91805 	7.02286 
41.560000000000819 	 3.33333 	7.343 	7.02286 
41.590000000000821 	 4.16441 	7.343 	7.30482 
41.620000000000822 	 4.16441 	7.343 	7.83782 
41.650000000000823 	 4.16441 	3 	7.96541 
41.680000000000824 	 4.63158 	3 	7.96541 
41.710000000000825 	 5.05378 	3 	8.33628 
41.740000000000826 	 5.05378 	3 	8.80618 
41.770000000000827 	 5.25165 	3.63333 	8.80618 
41.800000000000828 	 5.97588 	3.63333 	8.91974 
41.83000000000083 	 5.97588 	3.63333 	9.36003 
41.860000000000831 	 5.97588 	4.16441 	9.67696 
41.890000000000832 	 6.306 	4.40454 	9.67696 
41.920000000000833 	 6.306 	4.40454 	10.0839 
41.950000000000834 	 6.306 	4.40454 	10.4749 
41.980000000000835 	 6.306 	5.25165 	10.5704 
42.010000000000836 	 3 	5.25165 	10.5704 
42.040000000000838 	 3 	5.25165 	10.8517 
42.070000000000839 	 3 	5.25165 	11.3049 
42.10000000000084 	 3 	5.62582 	11.4811 
42.130000000000841 	 3.63333 	6.14322 	11.4811 
42.160000000000842 	 3.90856 	6.14322 	11.7404 
42.190000000000843 	 3.90856 	6.14322 	11.9941 
42.220000000000844 	 3.90856 	6.46458 	5 
42.250000000000846 	 3.90856 	7.0626 	5 
42.280000000000847 	 4.63158 	7.0626 	5 
42.310000000000848 	 4.63158 	7.0626 	5 
42.340000000000849 	 4.63158 	7.343 	5.2 
42.37000000000085 	 4.63158 	7.87337 	5.2 
42.400000000000851 	 5.44207 	8.00038 	5.2 
42.430000000000852 	 5.44207 	8.00038 	5.93074 
42.460000000000854 	 5.44207 	8.36968 	6.09935 
42.490000000000855 	 5.44207 	8.95093 	6.09935 
42.520000000000856 	 5.97588 	8.95093 	6.09935 
42.550000000000857 	 5.97588 	8.95093 	6.87924 
42.580000000000858 	 5.97588 	9.28201 	7.0246 
42.610000000000859 	 5.97588 	9.80873 	7.0246 
42.64000000000086 	 2 	9.80873 	7.0246 
42.670000000000861 	 2 	9.80873 	7.70967 
42.700000000000863 	 2 	10.0116 	7.96694 
42.730000000000864 	 2 	10.3083 	7.96694 
42.760000000000865 	 2.5 	5 	8.09245 
42.790000000000866 	 2.5 	5 	8.57591 
42.820000000000867 	 2.5 	5 	8.80756 
42.850000000000868 	 2.5 	5 	8.80756 
42.880000000000869 	 3.24483 	5.2 	8.9211 
42.910000000000871 	 3.24483 	5.2 	9.36133 
42.940000000000872 	 3.24483 	5.57776 	9.36133 
42.970000000000873 	 3.83446 	6.09935 	9.36133 
43.000000000000874 	 4.09525 	6.09935 	4 
43.030000000000875 	 4.09525 	6.09935 	4 
43.060000000000876 	 4.09525 	6.73066 	4 
43.090000000000877 	 4.78871 	7.0246 	4 
43.120000000000879 	 4.99753 	7.0246 	4.25 
43.15000000000088 	 4.99753 	7.5777 	4.25 
43.180000000000881 	 5.39003 	7.96694 	4.25 
43.210000000000882 	 5.75491 	7.96694 	2 
43.240000000000883 	 5.75491 	8.45768 	2 
43.270000000000884 	 5.92867 	8.80756 	2 
43.300000000000885 	 6.5768 	8.80756 	2.5 
43.330000000000886 	 6.5768 	9.14389 	2.9 
43.360000000000888 	 6.5768 	9.46815 	2.9 
43.390000000000889 	 7.30482 	9.46815 	2.9 
43.42000000000089 	 7.44171 	9.46815 	3.55301 
43.450000000000891 	 7.44171 	4 	3.55301 
43.480000000000892 	 7.70809 	4 	3.55301 
43.510000000000893 	 8.33628 	4 	3.55301 
43.540000000000894 	 8.33628 	4 	4.33944 
43.570000000000896 	 8.57449 	4.70824 	4.33944 
43.600000000000897 	 9.03185 	4.70824 	4.33944 
43.630000000000898 	 9.25194 	4.70824 	4.78871 
43.660000000000899 	 9.25194 	5.31903 	5.19763 
43.6900000000009 	 9.36003 	5.50703 	5.19763 
43.720000000000901 	 4 	5.50703 	5.19763 
43.750000000000902 	 4 	5.50703 	5.92867 
43.780000000000904 	 4 	6.20063 	6.09735 
43.810000000000905 	 4 	6.36191 	6.09735 
43.840000000000906 	 4.25 	6.36191 	6.5768 
43.870000000000907 	 4.25 	6.67249 	7.02286 
43.900000000000908 	 4.48529 	7.11243 	7.02286 
43.930000000000909 	 5.12386 	7.11243 	7.30482 
43.96000000000091 	 5.12386 	7.11243 	7.83782 
43.990000000000911 	 5.12386 	3 	7.96541 
44.020000000000913 	 5.50703 	3 	7.96541 
44.050000000000914 	 6.03493 	3 	8.09095 
44.080000000000915 	 6.03493 	3 	8.69112 
44.110000000000916 	 6.03493 	3.33333 	8.80618 
44.140000000000917 	 6.82236 	3.33333 	8.80618 
44.170000000000918 	 6.96893 	3.33333 	9.14257 
44.200000000000919 	 6.96893 	3.63333 	4 
44.230000000000921 	 7.25303 	4.16441 	4 
44.260000000000922 	 7.78963 	4.16441 	4 
44.290000000000923 	 7.78963 	4.16441 	4 
44.320000000000924 	 7.78963 	4.63158 	4.25 
44.350000000000925 	 8.16862 	5.05378 	4.25 
44.380000000000926 	 8.64776 	5.05378 	4.25 
44.410000000000927 	 8.64776 	5.25165 	5.12386 
44.440000000000929 	 8.64776 	5.97588 	5.12386 
44.47000000000093 	 9.21125 	5.97588 	5.12386 
44.500000000000931 	 9.53319 	5.97588 	5.31903 
44.530000000000932 	 9.53319 	5.97588 	6.03493 
44.560000000000933 	 9.63809 	6.61927 	6.03493 
44.590000000000934 	 10.0466 	6.61927 	6.03493 
44.620000000000935 	 10.439 	6.61927 	6.20063 
44.650000000000936 	 10.439 	6.61927 	6.82236 
44.680000000000938 	 10.439 	3 	6.96893 
44.710000000000939 	 10.7238 	3 	6.96893 
44.74000000000094 	 11.0921 	3 	6.96893 
44.770000000000941 	 11.3604 	3 	7.25303 
44.800000000000942 	 11.3604 	3 	7.78963 
44.830000000000943 	 11.6224 	3.33333 	7.78963 
44.860000000000944 	 11.9629 	3.33333 	7.78963 
44.890000000000946 	 12.2938 	3.33333 	7.91801 
44.920000000000947 	 12.2938 	3.33333 	8.41165 
44.950000000000948 	 12.3751 	3.33333 	8.64776 
44.980000000000949 	 12.6953 	3.33333 	8.64776 
45.01000000000095 	 13.0075 	3.33333 	8.64776 
45.040000000000951 	 13.2367 	3.33333 	8.8775 
45.070000000000952 	 13.2367 	3.33333 	9.21125 
45.100000000000954 	 13.3874 	1 	9.21125 
45.130000000000955 	 13.6837 	1 	9.21125 
45.160000000000956 	 14.0453 	1 	9.21125 
45.190000000000957 	 14.1873 	1 	4 
45.220000000000958 	 14.1873 	1 	4 
45.250000000000959 	 14.328 	2 	4 
45.28000000000096 	 14.6051 	2 	4 
45.310000000000962 	 14.8096 	2 	4 
45.340000000000963 	 7 	2 	4.48529 
45.370000000000964 	 7 	2.9 	4.92064 
45.400000000000965 	 7 	2.9 	4.92064 
45.430000000000966 	 7 	2.9 	4.92064 
45.460000000000967 	 7.14286 	2.9 	5.31903 
45.490000000000968 	 7.28286 	3.55301 	5.31903 
45.520000000000969 	 7.9453 	3.55301 	5.31903 
45.550000000000971 	 8.07116 	3.55301 	2 
45.580000000000972 	 8.19506 	4.33944 	2 
45.610000000000973 	 8.67272 	4.33944 	2 
45.640000000000974 	 9.01415 	4.33944 	2 
45.670000000000975 	 9.01415 	5.19763 	2.5 
45.700000000000976 	 9.45 	5.19763 	2.5 
45.730000000000977 	 9.66047 	5.19763 	2.9 
45.760000000000979 	 9.66047 	5.75491 	3.24483 
45.79000000000098 	 4 	6.09735 	3.24483 
45.820000000000981 	 4 	6.09735 	3.24483 
45.850000000000982 	 4 	6.26135 	4.09525 
45.880000000000983 	 4 	6.87746 	4.09525 
45.910000000000984 	 4.70824 	7.02286 	4.09525 
45.940000000000985 	 4.92064 	7.16526 	4.78871 
45.970000000000987 	 4.92064 	7.70809 	4.78871 
46.000000000000988 	 5.50703 	7.96541 	4.78871 
46.030000000000989 	 5.68862 	7.96541 	2 
46.06000000000099 	 5.68862 	8.57449 	2 
46.090000000000991 	 6.03493 	8.80618 	2 
46.120000000000992 	 6.51909 	8.80618 	2 
46.150000000000993 	 6.51909 	8.91974 	2.5 
46.180000000000994 	 6.51909 	4 	2.5 
46.210000000000996 	 7.25303 	4 	2.5 
46.240000000000997 	 7.3909 	4 	3.24483 
46.270000000000998 	 7.65907 	4.25 	3.24483 
46.300000000000999 	 8.16862 	4.25 	3.24483 
46.330000000001 	 8.29104 	4.25 	4.09525 
46.360000000001001 	 8.41165 	5.12386 	4.09525 
46.390000000001002 	 8.64776 	5.12386 	4.09525 
46.420000000001004 	 4 	5.12386 	4.78871 
46.450000000001005 	 4 	5.68862 	4.99753 
46.480000000001006 	 4 	6.03493 	4.99753 
46.510000000001007 	 4.25 	6.03493 	5.19763 
46.540000000001008 	 4.25 	6.36191 	5.75491 
46.570000000001009 	 4.25 	6.96893 	5.75491 
46.60000000000101 	 5.12386 	6.96893 	5.75491 
46.630000000001012 	 5.12386 	6.96893 	6.5768 
46.660000000001013 	 5.12386 	7.5262 	6.5768 
46.690000000001014 	 2 	7.78963 	6.5768 
46.720000000001015 	 2 	7.78963 	7.02286 
46.750000000001016 	 2 	8.0443 	7.44171 
46.780000000001017 	 2 	8.53053 	7.44171 
46.810000000001018 	 2.5 	8.64776 	7.44171 
46.840000000001019 	 2.5 	8.64776 	8.09095 
46.870000000001021 	 2.5 	8.8775 	8.33628 
46.900000000001022 	 2.5 	9.42712 	8.33628 
46.930000000001023 	 2.9 	9.53319 	8.57449 
46.960000000001024 	 2.9 	9.53319 	9.14257 
46.990000000001025 	 2.9 	9.84449 	9.25194 
47.020000000001026 	 2.9 	10.2447 	9.25194 
47.050000000001027 	 2.9 	10.439 	9.46687 
47.080000000001029 	 2.9 	10.439 	9.88255 
47.11000000000103 	 2.9 	10.6297 	10.1831 
47.140000000001031 	 2.9 	11.0012 	10.1831 
47.170000000001032 	 2.9 	11.3604 	10.1831 
47.200000000001033 	 2.9 	11.3604 	10.5704 
47.230000000001034 	 2.9 	11.3604 	10.9438 
47.260000000001035 	 2.9 	11.4484 	11.1258 
47.290000000001037 	 2.9 	5 	11.1258 
47.320000000001038 	 1 	5 	11.2157 
47.350000000001039 	 1 	5 	11.5682 
47.38000000000104 	 1 	5 	11.9941 
47.410000000001041 	 1 	5 	12.0775 
47.440000000001042 	 2 	5.39231 	12.2425 
47.470000000001043 	 2 	5.39231 	12.5661 
47.500000000001044 	 2 	5.39231 	6 
47.530000000001046 	 2 	6.09935 	6 
47.560000000001047 	 2.9 	6.26331 	6 
47.590000000001048 	 2.9 	6.26331 	6 
47.620000000001049 	 2.9 	6.26331 	6.16667 
47.65000000000105 	 2.9 	7.0246 	6.16667 
47.680000000001051 	 3.55301 	7.16696 	6.32883 
47.710000000001052 	 3.55301 	7.16696 	3 
47.740000000001054 	 3.55301 	7.83937 	3 
47.770000000001055 	 4.09525 	8.09245 	3 
47.800000000001056 	 4.33944 	8.09245 	3.33333 
47.830000000001057 	 4.33944 	8.57591 	3.33333 
47.860000000001058 	 4.56988 	9.03319 	3.33333 
47.890000000001059 	 5.19763 	9.03319 	3.63333 
47.92000000000106 	 5.19763 	9.25326 	4.16441 
47.950000000001062 	 5.19763 	9.78154 	4.16441 
47.980000000001063 	 5.57555 	9.98495 	4.16441 
48.010000000001064 	 6.09735 	9.98495 	4.16441 
48.040000000001065 	 6.09735 	10.2825 	2 
48.070000000001066 	 6.09735 	10.7599 	2 
48.100000000001067 	 6.5768 	10.8528 	2 
48.130000000001068 	 7.02286 	10.8528 	2 
48.16000000000107 	 7.02286 	11.1269 	2.5 
48.190000000001071 	 7.02286 	11.4821 	2.5 
48.220000000001072 	 7.30482 	11.7415 	2.5 
48.250000000001073 	 7.83782 	11.7415 	2.5 
48.280000000001074 	 7.96541 	11.9112 	3.24483 
48.310000000001075 	 7.96541 	12.1613 	3.24483 
48.340000000001076 	 8.09095 	6 	3.24483 
48.370000000001077 	 8.57449 	6 	3.24483 
48.400000000001079 	 8.80618 	6 	3.83446 
48.43000000000108 	 8.80618 	6 	4.09525 
48.460000000001081 	 8.80618 	6 	4.09525 
48.490000000001082 	 9.25194 	6.16667 	4.09525 
48.520000000001083 	 9.67696 	6.16667 	4.09525 
48.550000000001084 	 9.67696 	6.32883 	4.99753 
48.580000000001085 	 9.67696 	6.93882 	4.99753 
48.610000000001087 	 10.0839 	6.93882 	4.99753 
48.640000000001088 	 10.5704 	6.93882 	4.99753 
48.670000000001089 	 10.5704 	6.93882 	5.75491 
48.70000000000109 	 10.5704 	3 	5.75491 
48.730000000001091 	 10.9438 	3 	5.75491 
48.760000000001092 	 11.3933 	3 	5.75491 
48.790000000001093 	 11.4811 	3 	6.26135 
48.820000000001095 	 11.4811 	3.33333 	6.5768 
48.850000000001096 	 11.6546 	3.33333 	6.5768 
48.880000000001097 	 5 	3.33333 	6.5768 
48.910000000001098 	 5 	3.33333 	7.02286 
48.940000000001099 	 5 	3.63333 	7.44171 
48.9700000000011 	 5 	4.16441 	7.44171 
49.000000000001101 	 5.2 	4.16441 	7.70809 
49.030000000001102 	 5.2 	4.40454 	3 
49.060000000001104 	 5.39231 	5.05378 	3 
49.090000000001105 	 6.09935 	5.05378 	3 
49.120000000001106 	 6.09935 	5.05378 	3.33333 
49.150000000001107 	 6.09935 	5.80357 	3.33333 
49.180000000001108 	 6.87924 	5.80357 	3.33333 
49.210000000001109 	 7.0246 	5.80357 	4.16441 
49.24000000000111 	 7.16696 	2 	4.16441 
49.270000000001112 	 7.70967 	2 	4.16441 
49.300000000001113 	 7.96694 	2 	4.63158 
49.330000000001114 	 7.96694 	2.5 	5.05378 
49.360000000001115 	 8.45768 	2.5 	5.05378 
49.390000000001116 	 8.80756 	2.5 	5.25165 
49.420000000001117 	 8.80756 	3.24483 	2 
49.450000000001118 	 9.36133 	3.24483 	2 
49.48000000000112 	 9.67822 	3.24483 	2 
49.510000000001121 	 9.67822 	3.55301 	2.5 
49.540000000001122 	 9.98495 	4.09525 	2.5 
49.570000000001123 	 10.3797 	4.09525 	2.5 
49.600000000001124 	 10.5715 	4.33944 	3.24483 
49.630000000001125 	 10.6661 	4.99753 	3.24483 
49.660000000001126 	 11.1269 	4.99753 	3.24483 
49.690000000001127 	 11.4821 	4.99753 	3.24483 
49.720000000001129 	 11.4821 	5.39003 	4.09525 
49.75000000000113 	 11.6557 	5.75491 	4.09525 
49.780000000001131 	 11.9951 	5.75491 	4.09525 
49.810000000001132 	 6 	5.75491 	4.33944 
49.840000000001133 	 6 	5.92867 	4.99753 
49.870000000001134 	 6 	6.5768 	4.99753 
49.900000000001135 	 6 	6.5768 	4.99753 
49.930000000001137 	 6 	6.5768 	4.99753 
49.960000000001138 	 6.16667 	6.5768 	5.57555 
49.990000000001139 	 6.16667 	7.02286 	5.75491 
